84
57
70
212
194
71
237
25
257
157
200
333
37
190
112
283
132
323
176
22
93
124
108
235
171
13
340
307
251
53
343
180
168
19
41
292
287
102
228
86
3
231
214
91
134
347
167
229
263
80
113
260
198
162
201
146
293
140
138
48
178
43
252
11
130
60
233
101
191
0
155
209
177
291
32
302
334
210
36
122
172
152
165
217
4
319
114
104
271
254
311
326
150
223
192
18
322
111
20
204
220
255
295
5
317
42
123
161
99
103
299
88
280
10
100
258
30
118
109
125
16
44
184
129
14
64
94
59
110
211
38
160
28
324
65
244
76
158
245
339
74
236
92
224
169
159
179
282
173
115
186
208
96
305
75
297
17
328
1
227
145
127
181
325
265
77
341
39
226
69
342
270
116
248
120
83
63
51
330
188
332
207
182
193
133
170
203
320
294
81
67
289
142
313
337
284
56
259
316
79
187
40
119
175
288
107
54
318
290
139
301
314
128
153
12
66
296
300
73
264
143
225
52
49
183
242
185
87
206
218
266
144
163
268
329
47
98
344
346
246
338
345
312
15
261
196
106
240
55
131
222
34
267
23
61
136
215
135
321
31
72
331
29
95
195
278
304
238
232
97
281
272
147
349
21
58
285
46
239
137
45
27
7
126
286
308
33
85
298
9
90
50
277
262
199
336
148
309
105
78
174
327
35
156
234
2
6
141
121
219
249
303
24
216
269
