201
188
344
246
137
55
118
153
295
26
28
50
310
189
346
316
312
80
146
84
204
74
332
234
335
89
200
255
11
65
143
184
230
104
212
45
239
266
52
251
126
141
2
187
260
192
254
1
101
182
136
116
19
267
99
219
247
222
302
56
7
229
232
193
155
110
20
149
93
127
289
281
330
185
337
348
46
190
210
223
237
100
68
343
333
290
106
125
206
133
57
88
132
304
112
345
130
36
216
309
220
245
225
288
244
35
86
66
107
284
6
175
145
305
17
183
144
315
292
274
16
94
44
218
134
63
240
174
23
265
111
37
334
296
90
293
159
27
12
268
329
215
115
340
85
51
347
9
324
269
325
238
48
29
4
283
213
202
40
164
319
339
70
82
314
308
349
307
207
179
121
96
217
166
30
199
32
178
214
205
64
81
151
286
259
248
228
77
54
342
197
298
211
227
165
322
157
138
62
270
272
273
191
299
221
252
275
300
317
313
235
109
22
24
327
75
140
282
209
49
249
163
148
69
53
98
103
97
122
113
320
147
231
60
278
161
301
71
280
14
73
39
150
92
117
318
5
243
203
38
328
13
226
323
262
250
208
303
331
297
196
169
170
67
78
162
42
34
195
79
142
291
258
8
59
87
233
256
198
279
47
58
186
72
76
95
123
43
264
83
21
131
124
180
135
154
120
341
241
173
128
129
276
167
171
338
271
194
18
257
287
326
306
152
168
