173
93
118
292
135
99
49
263
149
231
24
309
113
290
100
128
181
228
200
41
23
201
204
69
102
78
63
345
184
198
202
207
140
80
159
60
334
101
57
79
165
329
294
47
192
147
152
335
27
71
256
306
289
209
245
110
139
190
40
255
222
134
108
274
288
251
313
175
244
119
106
90
163
34
120
35
81
237
349
83
166
96
94
20
14
176
230
123
269
191
249
284
87
331
247
215
205
194
85
65
186
214
254
327
273
67
278
6
103
9
213
322
10
235
206
122
58
148
180
224
319
266
291
104
130
114
126
133
157
221
115
297
144
225
4
203
105
252
285
153
320
195
116
156
29
150
162
332
86
154
167
145
138
226
17
19
28
300
220
15
323
37
261
44
277
283
188
287
248
259
196
227
246
317
132
299
242
124
59
13
260
131
265
31
26
234
91
344
66
264
75
280
98
171
346
43
216
3
336
304
0
48
62
330
348
199
51
212
325
2
22
193
72
168
241
258
185
142
182
339
52
262
45
239
146
141
232
73
117
279
21
46
170
111
5
236
210
217
88
267
74
189
136
11
312
272
76
109
183
8
92
56
338
340
211
25
54
337
326
84
129
342
125
324
347
343
95
151
333
137
219
172
341
298
253
223
177
82
30
179
302
301
197
314
315
50
112
7
158
32
257
238
318
164
293
271
127
295
18
310
307
1
97
303
42
64
275
89
311
208
38
308
276
218
160
