263
237
122
344
175
16
167
341
219
90
228
198
70
203
286
291
243
48
293
244
10
36
235
28
231
88
340
30
176
147
343
133
4
162
41
102
338
101
204
276
137
96
149
274
267
79
213
278
9
186
118
15
156
333
201
144
269
29
275
328
116
97
292
266
171
295
103
229
3
308
302
242
260
294
298
71
214
121
289
271
195
255
342
6
86
173
218
117
336
112
98
209
283
42
136
23
157
307
26
177
108
301
45
17
312
320
38
262
311
99
7
205
46
146
18
33
335
145
107
253
74
188
258
326
13
220
170
349
39
259
8
285
139
345
120
273
159
239
315
60
130
76
31
174
131
153
78
141
142
172
94
297
181
277
252
40
306
58
236
182
225
305
19
247
43
347
150
53
154
56
63
55
264
160
257
125
206
192
318
37
68
152
179
51
50
34
189
73
187
95
109
65
324
138
166
92
309
82
93
330
72
47
49
184
134
113
44
83
169
81
325
111
281
1
190
59
128
119
216
321
54
180
234
319
80
250
282
232
158
35
265
327
132
233
300
0
127
126
332
200
279
57
161
194
62
313
20
280
61
12
75
14
287
290
314
84
123
208
254
85
191
129
140
207
27
284
296
210
196
348
143
21
77
168
22
227
317
323
268
202
105
67
124
299
185
197
238
135
251
212
221
322
52
11
303
304
164
217
32
89
329
346
222
249
66
110
261
245
246
224
310
272
223
165
155
