324
182
44
10
231
84
173
195
343
0
154
93
313
31
236
163
344
142
55
342
264
120
143
136
152
151
222
242
238
308
208
126
12
248
138
26
228
323
278
67
58
167
15
294
19
305
146
321
117
134
171
50
265
131
147
139
219
65
153
285
37
200
284
60
210
23
184
340
333
192
188
51
168
72
35
199
27
21
193
132
133
346
137
100
206
247
194
4
196
56
246
89
83
18
211
269
170
349
111
336
221
74
345
114
85
276
251
315
235
175
273
30
32
57
292
245
205
271
39
61
86
217
46
179
224
59
123
109
214
226
311
13
270
28
169
124
145
156
165
274
176
17
16
339
218
99
141
240
280
66
310
341
7
327
201
68
144
337
237
202
332
160
220
149
334
243
49
36
319
329
107
253
297
1
75
129
272
303
127
331
80
95
122
259
215
291
232
130
104
189
87
76
40
98
347
97
287
9
180
5
233
92
282
279
191
2
281
299
90
113
148
309
71
34
190
47
121
62
325
166
115
6
108
326
268
255
227
298
267
306
241
181
150
103
158
41
300
286
266
252
216
102
187
14
162
125
330
239
203
289
69
338
234
277
258
82
295
135
63
314
254
78
81
105
54
318
33
96
322
140
53
161
312
52
185
304
317
64
112
348
155
283
128
22
20
174
24
94
101
116
261
225
25
159
316
307
42
177
91
178
3
230
320
209
38
244
335
70
288
296
260
275
207
256
29
