291
164
148
321
270
42
201
123
96
273
23
25
50
329
339
292
114
55
125
144
322
147
237
213
83
2
303
304
325
124
41
261
103
158
122
263
45
227
160
121
79
65
13
313
89
299
99
252
39
242
106
183
43
170
272
166
159
266
133
177
187
267
136
286
140
47
9
295
153
319
348
85
274
31
250
77
296
102
310
163
66
17
92
40
334
49
139
260
217
14
175
249
81
67
127
0
82
240
37
232
111
298
138
93
200
257
279
333
214
198
215
95
189
86
186
294
219
181
152
112
268
328
197
134
337
61
211
196
143
115
265
161
150
208
255
314
290
209
238
84
165
332
185
57
226
169
76
80
97
162
28
29
35
318
203
307
220
262
341
300
151
145
32
180
179
210
229
30
254
3
289
343
277
146
275
108
285
302
71
16
317
190
167
36
149
234
157
119
88
182
53
44
228
246
320
223
120
27
68
309
168
244
135
59
306
4
248
345
347
251
324
8
336
94
349
335
91
58
346
126
63
315
259
87
52
74
188
278
331
276
21
104
1
78
258
236
308
105
184
247
24
205
338
195
75
98
327
256
110
241
340
239
243
218
231
199
26
20
323
100
216
56
288
212
176
224
312
271
6
191
38
142
222
33
154
282
233
54
316
22
221
173
113
245
293
235
193
287
194
73
192
72
130
64
264
281
116
10
90
301
342
48
305
132
330
62
34
70
230
19
46
128
207
18
280
