308
293
256
199
97
260
171
127
234
177
213
235
271
2
54
45
203
23
314
136
268
89
261
47
251
220
341
329
138
137
264
77
305
156
148
184
48
275
120
281
320
111
31
189
87
227
102
117
292
110
206
218
186
106
223
330
296
158
147
324
269
312
57
226
105
70
1
134
33
321
348
326
192
67
108
61
299
141
90
161
144
310
16
207
164
307
204
318
257
244
306
19
311
200
328
208
277
37
26
79
128
278
229
280
95
123
187
197
32
253
236
55
132
331
282
72
181
259
225
322
36
263
319
27
194
75
216
175
183
295
60
249
178
152
287
81
258
109
190
126
114
302
41
98
191
339
4
10
142
51
265
196
94
325
273
232
332
246
173
342
82
104
112
340
286
242
211
336
168
224
239
42
166
240
74
335
9
69
139
133
122
212
338
91
285
85
272
270
267
202
193
237
53
11
145
309
162
129
86
290
215
155
107
116
65
241
118
188
56
167
304
209
248
96
250
103
8
154
231
52
7
205
297
12
291
3
71
149
315
50
151
284
13
182
343
125
17
59
243
63
316
346
159
180
288
93
222
43
84
185
124
28
294
195
247
46
313
172
252
333
6
140
165
198
88
49
344
337
22
210
83
76
279
21
245
176
0
24
262
276
219
115
254
201
30
345
18
238
20
153
146
301
274
121
66
300
15
113
130
39
349
230
35
80
73
101
44
68
228
298
327
38
29
157
214
