271
200
318
241
123
135
162
18
306
302
151
9
157
113
216
193
190
142
96
176
320
131
322
248
103
262
270
210
340
40
319
24
106
292
183
82
283
10
189
150
233
88
13
220
168
338
247
80
187
219
349
15
275
316
212
14
144
256
112
297
339
71
42
27
138
52
136
115
185
48
182
110
60
102
62
159
105
152
124
2
290
126
195
257
92
59
204
114
254
227
1
192
244
206
47
250
141
32
175
20
50
57
313
97
214
243
223
346
155
70
117
282
104
54
156
226
161
154
246
179
38
312
120
65
266
303
118
140
291
222
121
261
307
237
177
163
236
4
17
12
205
43
224
68
85
107
69
315
81
218
174
49
196
188
203
217
128
149
286
273
30
324
332
16
288
55
98
145
305
215
147
284
295
94
310
267
133
321
281
171
44
249
170
87
235
8
230
6
39
166
333
127
79
191
101
84
180
19
78
251
34
264
90
240
325
298
228
328
122
66
314
61
167
0
28
344
294
341
274
199
202
329
342
268
211
279
64
239
278
37
343
181
263
280
277
213
26
238
172
299
231
67
296
148
134
45
53
309
11
146
116
347
31
258
153
23
132
287
46
335
336
63
345
208
33
129
201
311
22
119
334
184
337
260
36
207
327
56
253
234
108
93
75
331
83
58
51
209
308
232
326
304
95
29
252
125
5
330
109
272
198
323
74
111
197
158
259
289
169
269
301
130
293
73
348
