192
256
169
67
201
102
112
173
90
269
274
267
123
11
339
244
158
163
175
179
89
270
223
4
343
231
93
288
92
204
119
347
6
299
271
120
95
105
197
311
251
225
18
321
258
337
296
91
73
348
65
186
218
5
132
27
106
336
85
293
111
125
326
248
306
59
12
292
107
349
325
29
58
304
185
139
341
222
318
162
80
246
310
277
329
127
14
334
172
206
51
9
138
16
189
0
309
242
62
147
161
199
70
228
122
41
38
212
290
250
165
39
117
78
283
217
331
17
260
230
88
171
154
42
131
213
224
167
146
257
191
150
100
34
110
188
249
328
19
219
44
330
180
278
108
302
79
332
207
8
159
99
305
287
285
28
31
55
174
32
232
48
289
238
33
35
286
63
157
128
46
66
301
208
333
342
298
45
168
47
113
177
294
40
21
101
164
69
53
137
24
284
187
184
134
272
116
211
142
300
205
268
56
61
275
227
229
84
181
234
114
320
295
221
118
261
170
145
344
303
54
176
312
194
198
214
236
346
182
273
98
103
245
130
97
315
82
247
233
60
94
193
140
160
148
220
202
152
314
135
81
124
23
10
13
96
210
240
57
36
322
20
308
75
200
77
263
345
149
307
2
52
262
253
259
183
151
324
190
74
243
338
87
239
143
291
266
136
166
83
155
279
126
195
265
323
104
153
282
226
25
196
64
15
297
109
26
76
43
280
3
49
340
30
121
