297
248
174
169
131
223
82
280
151
163
296
347
120
253
81
226
145
92
32
16
228
44
33
290
173
255
29
291
246
269
327
30
346
256
65
12
160
133
157
5
76
126
125
195
87
94
338
190
323
132
63
62
80
334
310
3
276
139
165
90
183
143
42
54
0
99
130
148
60
93
205
46
15
152
207
101
71
21
59
102
52
150
331
299
17
204
348
91
244
239
208
61
135
19
332
263
243
309
209
219
270
9
232
138
124
271
73
227
114
184
293
68
284
229
333
224
98
178
155
123
214
8
4
108
179
67
172
144
313
206
200
57
47
265
116
129
240
117
307
305
186
298
154
170
2
304
40
249
274
300
294
106
20
177
281
14
48
36
318
282
268
86
153
192
335
218
222
349
11
324
339
13
266
302
329
10
319
128
278
83
286
88
180
314
158
233
26
245
187
55
322
203
147
39
34
237
37
221
95
164
136
202
252
320
215
272
238
258
85
24
51
193
196
330
185
166
260
50
89
182
105
72
242
181
273
217
317
28
225
198
212
43
156
77
134
236
127
122
113
337
149
176
301
283
53
56
247
308
303
189
115
197
78
292
70
316
27
211
175
41
241
231
22
74
6
287
104
261
66
110
340
194
38
264
250
141
109
121
344
213
64
45
18
341
107
345
289
315
23
31
168
343
146
97
342
295
119
188
111
328
288
312
167
257
230
142
285
58
35
234
279
267
275
1
103
