154
63
347
329
61
269
147
98
340
330
52
146
348
236
75
240
349
48
13
171
257
119
71
161
76
106
181
84
116
346
202
226
45
155
247
212
17
165
148
198
7
129
196
223
271
23
314
193
102
160
163
82
279
317
217
227
344
191
105
145
286
1
54
318
99
62
3
21
188
291
179
127
320
81
203
22
298
187
339
319
136
77
12
225
79
135
199
294
174
204
46
150
301
124
89
121
92
254
138
28
162
126
208
164
205
6
110
49
96
341
263
331
300
95
260
93
228
0
55
58
213
24
200
94
337
186
312
56
322
173
304
273
108
65
242
152
195
68
230
141
168
123
69
313
297
266
97
140
293
270
189
19
281
284
238
221
30
328
233
142
91
296
295
190
29
288
278
170
18
103
112
43
66
4
259
219
258
149
287
120
36
224
333
267
310
158
38
211
26
109
137
255
16
283
243
107
292
216
156
282
201
117
272
229
274
206
32
178
306
275
321
249
14
39
169
31
334
342
101
73
237
324
2
264
185
323
180
172
125
262
218
104
305
311
307
336
34
64
133
37
27
15
182
335
33
214
241
261
285
222
302
44
316
207
256
184
41
276
332
232
85
114
234
299
80
167
220
289
50
67
231
265
144
268
245
35
303
252
59
5
47
74
83
166
244
253
60
246
90
53
308
239
11
143
250
151
8
128
132
130
70
134
100
235
194
327
290
42
115
210
86
315
78
113
192
