270
199
216
66
152
240
141
254
138
321
172
304
23
231
112
72
332
243
5
74
131
236
128
261
33
167
42
88
113
43
319
165
348
142
177
328
344
280
293
159
58
338
279
237
323
37
21
22
298
343
90
318
46
296
62
127
271
193
266
259
79
222
289
34
194
337
116
230
276
238
281
340
220
181
121
169
288
155
29
294
300
20
48
156
326
92
50
311
1
286
124
11
322
306
101
54
217
111
335
129
248
213
157
4
24
170
183
308
226
26
255
52
234
258
263
15
329
132
114
325
154
180
314
235
98
14
164
8
162
89
27
260
339
272
68
206
7
341
245
71
202
305
218
118
163
208
103
55
346
175
117
126
49
241
205
251
44
209
10
32
219
135
39
174
3
93
221
56
148
287
136
106
120
61
133
25
317
59
96
268
78
2
9
232
267
143
324
69
223
70
150
190
327
76
144
349
36
6
75
302
207
178
292
145
110
81
171
242
212
123
347
312
130
211
108
87
104
228
307
102
60
264
139
109
28
107
233
336
187
275
115
301
149
278
214
182
166
191
125
82
84
147
204
203
252
250
31
197
176
310
65
309
0
284
257
47
16
38
119
303
246
189
53
227
13
247
30
18
283
299
185
57
86
215
273
45
179
95
140
160
99
244
80
134
97
40
151
265
291
297
146
224
334
19
35
192
63
253
12
200
225
290
100
122
85
195
41
210
256
320
229
17
161
188
198
