287
104
87
169
132
252
249
157
147
0
300
304
41
83
258
126
335
322
246
273
328
82
270
142
231
96
18
204
185
247
306
134
182
65
120
80
31
72
138
178
60
26
112
47
245
123
307
61
136
275
150
219
48
69
145
16
278
165
37
261
8
190
226
58
294
109
151
279
237
314
75
310
333
296
14
50
274
46
298
28
338
95
288
53
90
341
168
156
186
40
189
290
250
201
342
303
110
152
70
38
159
243
124
106
77
216
175
311
118
264
234
308
213
102
282
325
12
225
183
108
7
221
51
141
73
253
336
57
195
205
295
17
98
301
27
248
32
224
327
230
13
232
63
149
337
114
97
346
260
319
242
113
85
297
254
262
86
161
210
193
349
119
199
286
44
6
276
256
163
330
238
160
217
115
281
128
94
39
74
121
66
203
89
302
166
293
229
140
24
343
321
34
45
84
331
33
19
148
49
144
316
181
334
42
272
283
348
154
324
196
130
36
59
345
20
259
133
317
91
198
11
15
117
116
146
155
100
64
299
228
5
220
191
268
329
214
265
209
1
9
192
184
43
347
236
313
167
153
105
200
215
284
131
2
101
208
177
188
235
320
206
107
171
239
162
143
255
135
207
257
129
92
170
318
22
62
30
122
158
52
93
10
267
172
78
244
127
111
339
240
25
197
280
164
315
323
271
266
173
81
55
218
285
202
292
222
29
67
263
103
3
194
291
99
277
