73
44
330
190
184
53
274
55
36
268
81
143
196
23
173
65
194
104
252
48
303
216
349
223
312
132
69
249
239
47
8
59
20
208
56
308
309
127
276
19
329
167
149
172
221
224
111
83
265
316
117
334
60
126
251
318
148
120
189
57
339
314
187
180
35
204
342
101
273
41
16
24
266
72
233
0
108
154
74
310
299
66
182
87
75
333
185
163
337
113
84
317
199
85
247
13
1
25
313
269
92
134
178
137
202
50
264
61
175
257
294
114
321
241
291
261
238
89
64
331
68
76
212
161
125
151
139
166
118
259
94
34
169
141
129
26
14
119
82
218
307
152
107
17
193
324
115
45
181
159
348
11
88
70
79
147
43
229
345
15
279
121
49
31
244
207
335
289
201
22
346
116
245
322
95
262
306
226
263
248
62
205
51
255
135
91
71
285
286
106
188
271
90
243
183
29
240
215
256
295
304
211
123
63
332
160
138
301
198
103
287
146
214
288
165
323
80
311
305
54
195
3
254
9
174
171
293
77
179
27
258
327
105
320
326
298
242
197
40
338
219
230
5
277
246
176
122
38
300
210
278
280
253
162
67
124
39
4
33
21
99
235
236
315
144
281
290
340
12
186
131
155
260
297
153
275
200
209
78
86
42
133
341
10
250
145
140
296
192
220
158
344
136
30
270
157
231
272
7
222
102
52
156
343
347
97
150
128
177
110
32
191
325
100
142
