305
162
23
32
132
97
109
348
157
54
276
307
99
208
231
69
59
328
313
172
244
224
215
85
223
17
349
143
87
26
102
233
128
130
252
235
111
318
158
198
312
275
346
119
240
262
113
265
241
272
41
151
267
254
221
322
210
64
192
325
145
4
291
156
239
273
263
232
230
292
45
200
170
92
214
247
248
268
79
196
194
264
95
93
10
205
106
236
186
332
289
228
212
110
68
16
169
309
189
274
329
150
70
342
298
226
211
295
140
302
21
65
182
282
30
44
299
40
280
37
137
100
90
183
11
144
43
316
20
256
315
27
112
269
141
0
176
149
161
125
338
284
124
209
84
159
177
131
206
279
195
129
7
213
234
259
50
103
331
180
46
179
9
33
185
78
319
74
341
296
116
314
25
249
62
19
222
136
324
127
36
51
193
98
333
31
347
204
6
1
271
281
277
171
152
3
53
227
174
323
108
285
181
317
18
38
134
67
164
48
133
345
311
35
13
304
308
138
29
258
203
8
336
118
287
187
168
310
218
219
202
178
216
283
147
139
260
166
217
184
76
22
94
120
49
261
101
28
339
293
123
327
250
251
344
42
190
321
199
77
86
340
142
220
294
343
122
56
257
225
266
243
229
117
255
5
60
320
107
160
88
286
253
126
81
306
154
278
14
115
39
63
73
75
165
135
121
334
207
188
96
330
89
155
191
297
15
55
72
148
114
61
24
335
163
