276
150
341
338
280
318
288
30
35
335
319
176
325
285
49
1
272
328
81
349
73
32
50
180
303
253
209
175
88
347
102
205
217
184
18
261
96
172
246
314
264
52
296
139
93
201
113
306
45
193
316
144
179
326
234
87
248
298
283
177
239
135
58
115
171
163
43
136
92
103
225
27
188
42
334
257
84
56
278
266
173
140
111
220
158
293
170
252
321
89
259
227
204
164
38
68
78
317
41
312
289
301
185
76
198
33
100
129
243
233
324
48
157
304
143
274
40
98
28
169
82
207
342
39
36
10
275
25
137
346
9
340
307
20
107
15
300
256
250
66
258
284
337
208
13
247
149
156
54
95
55
26
75
118
297
63
255
315
99
174
29
237
313
196
91
167
161
94
124
219
57
72
8
295
187
203
134
263
322
74
218
339
215
286
117
249
343
200
119
216
212
191
223
46
202
195
11
131
270
133
168
2
6
160
336
97
60
197
83
71
333
106
299
329
236
199
231
64
122
152
109
77
181
16
3
61
189
80
0
271
182
19
145
67
153
190
235
206
211
251
290
240
79
101
142
69
210
267
241
277
186
120
254
323
294
310
154
31
265
273
65
232
332
138
178
148
22
90
17
345
344
37
282
12
85
130
123
114
105
238
291
279
24
262
260
192
62
327
183
104
228
155
194
51
320
126
244
7
311
4
116
147
151
242
5
86
146
47
269
287
162
127
308
292
245
