68
154
233
232
76
192
266
339
325
100
29
157
99
228
231
269
112
252
224
215
6
184
160
262
49
186
123
275
226
74
94
4
59
40
61
312
7
336
329
272
287
34
144
138
136
288
26
43
250
122
240
248
201
310
101
229
121
241
317
166
13
134
88
324
143
98
87
142
151
321
211
163
96
304
255
217
209
64
318
334
296
197
39
130
308
63
19
55
185
319
52
257
273
28
32
193
46
147
141
48
307
181
132
44
84
115
239
104
25
270
199
171
259
5
60
237
33
202
195
116
0
65
295
267
81
205
314
162
253
284
91
66
58
54
299
67
234
349
150
22
53
10
31
131
27
285
297
342
212
180
161
109
306
56
155
168
203
17
338
148
344
127
93
263
165
225
137
311
303
156
158
71
42
169
235
89
328
216
152
153
85
183
274
223
159
124
140
35
82
176
62
309
79
72
178
11
258
30
249
14
286
219
220
119
125
327
174
282
265
244
331
315
175
172
222
292
164
111
196
294
332
208
340
245
120
322
200
221
21
346
291
194
261
78
214
190
173
279
323
345
73
106
83
210
179
70
107
95
37
24
189
247
290
337
108
187
8
3
230
113
300
348
320
256
326
20
41
343
182
280
191
177
146
347
298
38
301
92
242
18
198
47
305
167
236
97
45
12
277
90
9
254
246
149
36
238
139
260
207
283
51
281
15
103
145
2
264
251
271
126
268
23
188
135
80
