28
341
347
149
173
278
289
102
229
4
183
177
268
247
66
219
99
271
252
287
138
154
211
20
21
326
296
337
153
281
72
14
107
242
48
147
276
165
124
313
187
200
140
209
332
42
80
109
95
129
301
135
222
309
61
202
340
97
336
239
235
171
115
68
234
103
55
184
24
277
81
164
192
306
334
163
254
130
203
316
321
260
206
345
330
335
134
100
267
256
338
251
31
143
180
170
6
144
96
190
185
284
204
233
314
323
270
33
158
137
93
156
273
304
198
47
119
25
10
120
113
292
70
214
249
317
150
39
87
283
106
302
223
110
197
58
98
132
90
265
13
342
291
83
318
279
288
348
64
210
71
122
266
44
126
331
139
26
23
27
243
22
167
245
255
188
299
282
327
195
230
320
311
349
82
12
263
208
240
280
29
101
257
59
226
86
17
207
213
151
324
63
212
232
221
127
116
89
272
274
218
36
224
123
155
217
1
75
105
141
310
121
308
290
344
194
79
32
7
62
264
201
250
41
9
108
5
172
136
92
161
298
186
45
2
166
85
300
162
65
67
8
49
15
179
237
35
40
69
111
178
128
3
322
157
146
160
333
30
112
305
104
285
193
77
142
189
133
174
225
168
52
11
131
182
325
293
303
231
181
56
297
315
54
94
76
220
0
38
269
205
43
16
50
258
78
329
312
343
216
339
74
191
18
295
241
34
152
262
307
176
60
244
259
117
