161
78
275
42
235
66
192
105
226
70
40
138
261
230
162
2
90
92
69
22
73
71
250
196
342
316
214
292
4
154
320
262
271
157
274
317
228
347
50
59
326
336
263
91
203
108
247
171
273
166
272
139
231
307
81
345
49
106
252
16
133
0
167
308
177
339
10
35
183
259
256
94
299
210
67
54
38
15
297
51
169
186
148
294
57
79
270
62
212
260
103
17
227
14
189
127
155
344
97
289
349
86
5
240
284
211
11
88
96
102
83
206
341
197
37
178
215
254
45
13
101
179
39
160
266
338
304
93
116
109
48
122
120
224
267
9
164
233
295
150
296
309
1
41
134
89
180
322
277
340
87
334
72
343
52
332
325
174
312
222
75
302
28
255
141
220
119
147
170
279
216
135
99
331
47
300
140
305
335
257
241
201
125
314
184
56
31
243
265
33
115
321
165
111
251
26
21
198
68
63
104
311
234
195
60
181
30
77
193
310
100
143
36
23
306
268
126
301
291
151
53
269
173
156
25
290
8
298
153
172
236
117
29
285
303
253
185
200
202
242
315
209
168
44
313
337
6
330
163
46
319
43
280
286
145
158
107
27
58
333
82
278
324
346
74
239
225
187
329
264
12
95
80
328
190
246
223
213
249
19
124
55
76
65
123
131
258
110
229
182
176
146
7
217
219
85
276
113
188
32
152
348
130
84
207
282
118
61
283
237
142
238
232
18
98
