234
217
173
253
69
288
177
183
335
199
254
96
214
321
314
13
124
232
172
201
32
158
345
241
111
322
18
75
94
240
292
3
176
263
153
86
41
278
92
34
112
45
344
149
249
293
313
236
272
281
136
129
282
160
235
298
247
340
46
130
55
67
283
246
28
227
194
49
189
266
128
212
260
11
62
48
271
294
52
30
123
237
304
250
63
108
7
208
265
119
142
125
323
95
9
274
100
251
113
229
97
170
307
154
242
33
151
317
6
205
231
270
190
207
280
140
285
0
159
258
137
186
74
197
56
286
279
117
338
319
334
225
221
264
284
71
346
98
120
171
268
66
78
39
148
339
182
150
256
54
233
20
181
349
244
312
287
89
16
341
121
139
65
109
114
25
269
36
145
259
47
93
206
81
188
277
91
275
77
300
196
132
306
257
102
261
161
180
245
84
106
305
85
44
17
118
184
219
116
57
38
289
162
127
299
1
5
347
122
58
79
327
191
10
209
238
166
99
26
135
68
164
51
155
333
167
324
230
200
310
331
343
70
104
107
295
80
133
8
316
2
27
315
23
141
311
175
22
37
105
82
61
187
110
348
267
332
210
224
168
126
216
59
185
15
248
157
302
165
222
220
308
72
192
19
215
301
328
255
213
152
218
4
24
42
83
12
226
330
35
198
326
103
252
276
138
195
90
243
14
336
101
169
325
203
76
318
115
239
60
163
87
134
262
329
