510
528
244
34
82
168
66
26
300
360
634
546
449
124
211
676
221
183
270
176
335
540
507
197
61
651
570
142
571
65
420
383
216
425
511
169
577
206
595
247
11
368
391
180
632
331
565
404
463
477
319
441
490
147
27
209
73
343
349
332
670
681
322
107
313
231
190
610
344
630
386
267
592
292
341
123
144
15
539
446
422
371
419
444
457
64
282
146
601
618
294
273
262
178
240
638
339
175
517
281
471
204
104
427
280
366
46
214
644
429
423
220
611
258
87
669
677
243
75
578
88
148
223
549
405
448
311
557
35
480
17
473
655
657
246
486
650
506
252
479
328
653
129
345
167
212
562
28
318
555
5
487
8
550
584
201
99
466
315
642
401
330
654
336
602
501
116
646
127
18
675
372
283
356
291
112
485
631
230
326
83
413
43
173
162
232
321
604
21
553
393
333
141
661
558
358
279
263
556
399
308
97
476
59
619
400
63
424
306
645
254
195
459
616
145
235
253
603
288
456
242
222
69
261
589
101
470
110
532
346
504
218
412
455
272
626
505
207
309
432
678
92
275
51
450
135
547
361
585
594
149
671
119
316
564
251
151
105
125
522
659
19
537
196
536
658
276
257
624
415
327
159
660
249
108
179
436
302
91
664
390
293
452
120
499
529
32
531
225
138
264
374
377
442
620
428
568
460
40
582
219
299
50
431
475
4
324
310
635
106
16
154
641
289
342
347
248
513
496
587
184
297
438
181
524
205
375
579
395
130
233
545
30
359
560
2
402
62
388
198
153
277
274
465
394
389
320
94
497
367
590
301
628
157
250
667
337
42
47
586
239
72
451
155
85
608
674
226
340
58
55
67
588
20
503
334
467
478
498
491
612
6
609
656
22
519
52
1
525
312
598
673
520
421
193
396
224
599
468
185
236
523
384
409
500
93
552
512
350
13
493
606
625
158
53
165
182
76
365
187
3
665
563
33
572
583
71
637
60
29
237
527
215
629
548
95
241
495
574
483
118
376
317
484
433
38
567
117
160
128
516
561
666
284
115
137
533
573
41
439
286
542
7
210
518
290
77
482
662
49
622
489
121
10
298
259
623
353
363
113
217
192
54
445
56
379
443
381
370
269
234
597
45
323
514
462
202
530
437
461
89
189
454
593
354
39
411
440
191
287
265
434
31
213
68
260
271
575
80
304
397
171
133
416
136
668
607
70
591
576
355
369
156
392
103
96
307
447
387
407
245
544
617
152
453
278
79
521
14
357
398
382
534
679
139
464
9
164
481
174
25
348
303
81
380
435
509
663
418
600
199
581
364
295
652
535
385
351
114
143
649
98
74
648
0
36
559
150
57
554
338
672
615
647
23
526
378
238
194
580
100
122
502
84
541
417
229
170
488
37
44
134
109
515
