557
224
282
361
597
214
255
305
172
96
126
196
349
105
308
425
100
603
442
195
230
590
137
182
89
186
572
549
229
548
66
641
428
277
606
420
285
510
220
579
134
222
256
311
141
235
424
95
189
289
20
410
670
283
559
152
250
274
179
422
481
32
49
343
474
372
275
449
2
19
578
79
393
556
156
347
268
625
34
389
380
60
316
427
261
14
31
379
4
273
330
408
580
142
167
589
401
138
601
394
78
388
390
253
272
586
187
166
621
611
313
674
144
131
605
279
596
239
115
53
212
106
1
546
25
350
80
265
270
439
149
335
246
492
353
635
26
488
251
406
623
430
653
471
258
497
29
671
304
432
309
382
381
649
675
56
147
108
412
278
629
450
539
15
120
298
456
665
452
640
483
72
112
45
116
132
624
360
183
173
128
348
531
387
254
119
583
165
585
290
288
443
374
426
6
391
441
264
307
476
325
139
429
74
358
448
598
602
58
541
617
496
507
469
563
197
223
595
484
252
498
413
411
324
208
109
377
519
267
162
562
594
465
301
523
319
657
501
91
537
656
681
550
662
52
312
385
262
64
69
399
136
0
459
206
125
67
446
416
103
344
490
363
245
249
576
677
503
104
489
661
57
573
159
609
59
155
433
612
470
553
493
676
84
42
94
631
333
564
211
174
244
24
102
30
199
467
193
150
506
81
582
536
634
184
315
209
227
660
323
269
329
190
148
63
140
43
122
188
35
367
27
447
18
117
169
383
516
233
646
259
619
431
477
569
565
525
508
48
240
644
8
626
331
513
461
354
561
310
668
352
534
494
659
37
384
520
445
463
658
295
236
504
402
292
418
544
247
33
225
160
530
129
23
54
130
232
124
16
86
396
118
409
332
630
647
500
652
487
85
663
99
464
11
502
293
70
637
46
451
334
679
547
28
22
622
514
651
642
171
566
321
145
121
47
93
444
346
322
198
314
177
328
203
526
638
281
421
7
479
12
336
13
83
286
423
480
636
55
610
509
600
368
39
296
436
478
533
40
395
71
284
178
62
599
300
522
518
338
176
175
405
163
386
276
243
271
528
542
41
17
392
114
185
495
207
499
303
345
453
65
318
587
558
221
135
73
407
153
615
620
378
491
355
614
194
326
554
107
376
505
257
434
414
154
362
248
454
485
87
577
356
359
538
543
440
400
127
511
61
157
50
97
560
552
581
202
110
357
574
568
228
201
370
210
397
340
371
475
618
435
164
68
306
673
628
168
36
632
364
482
567
643
460
294
88
146
92
237
680
607
320
351
242
98
217
540
342
10
297
231
455
365
591
535
180
512
327
529
473
205
213
317
458
654
77
170
468
616
218
111
403
545
417
299
215
21
226
204
584
517
666
302
551
645
181
113
608
238
438
486
216
51
38
