473
254
243
60
510
608
589
17
315
480
123
299
304
247
16
230
670
401
626
335
562
537
614
607
457
439
570
262
574
200
113
591
330
581
663
470
431
40
67
499
420
594
14
352
638
20
151
555
71
267
527
24
241
385
597
534
460
249
529
227
331
346
223
588
91
80
405
679
28
521
572
578
48
141
285
380
428
629
564
210
316
611
517
175
9
601
128
47
414
531
538
313
311
216
438
239
144
549
493
557
506
274
172
166
363
318
639
620
38
358
115
248
406
0
497
291
319
42
266
168
491
324
389
64
357
656
271
107
464
613
133
153
62
672
204
97
500
443
361
136
193
188
155
32
220
286
94
511
579
661
459
466
425
604
369
412
603
1
103
475
530
303
371
191
600
329
627
219
673
478
192
263
372
359
394
617
654
667
625
96
258
509
206
632
648
519
653
196
494
288
50
264
162
280
354
567
462
99
433
268
215
170
610
126
185
189
609
539
140
327
381
543
429
10
472
131
471
59
634
379
544
558
501
353
34
21
518
222
98
306
150
492
270
147
355
179
105
516
615
671
328
336
154
404
13
396
309
236
218
442
281
631
514
503
463
156
602
142
245
102
92
27
52
348
296
483
190
238
410
374
2
183
474
326
644
520
114
305
495
382
411
628
117
665
407
178
57
526
542
392
482
244
488
368
553
54
430
181
211
616
595
120
565
161
624
275
393
212
233
452
152
635
402
450
447
273
163
12
202
485
174
649
623
68
575
69
455
292
23
49
44
295
413
489
159
149
468
397
566
176
30
541
347
55
660
145
477
590
339
187
479
448
546
366
349
678
87
384
8
100
6
39
297
127
79
224
101
340
203
237
19
334
568
290
563
90
585
365
424
675
122
322
605
167
256
444
586
31
451
199
583
312
445
400
320
681
417
37
356
364
454
606
282
395
231
323
484
559
636
504
53
513
11
593
116
453
287
540
550
422
132
276
279
469
659
535
522
486
573
261
325
63
545
208
33
129
201
505
22
342
119
416
676
184
284
278
298
536
350
338
260
36
207
571
56
253
373
308
651
234
108
93
75
668
652
423
58
302
51
209
515
232
524
496
362
95
587
252
343
662
345
5
221
441
481
109
577
272
198
633
440
576
164
74
111
344
582
449
642
388
630
289
169
269
301
130
293
73
390
446
160
458
645
490
89
502
72
351
186
674
194
556
399
165
86
551
436
560
341
375
137
41
561
598
643
35
139
618
265
533
467
487
225
592
255
599
437
621
456
106
409
25
666
104
657
398
655
15
182
148
76
421
337
658
310
640
177
118
415
134
26
525
650
229
619
85
321
426
205
157
508
408
197
332
180
647
419
637
507
82
386
584
435
146
391
476
228
4
498
677
552
307
45
370
240
317
213
214
333
195
135
78
528
277
