267
61
18
290
149
444
631
436
293
286
517
578
70
204
262
134
614
8
497
235
261
169
437
549
659
506
216
540
214
559
140
0
580
554
492
254
179
397
53
475
210
308
538
90
229
127
600
63
451
563
596
622
480
625
539
658
228
331
242
626
68
543
420
607
334
81
676
439
17
646
200
114
501
337
453
48
54
5
223
146
423
80
9
49
556
407
237
527
561
365
442
542
433
628
664
526
592
387
584
198
550
477
219
523
624
604
208
541
465
190
522
324
282
131
351
34
534
137
310
366
414
16
11
148
67
161
509
603
668
617
369
343
170
220
315
312
321
611
486
174
424
248
638
288
249
634
339
313
52
217
65
77
503
135
681
183
201
221
226
209
590
87
88
164
484
405
162
306
571
635
662
665
520
244
438
364
673
666
390
20
582
35
147
335
107
19
26
60
166
467
525
460
94
639
43
297
212
378
206
567
322
652
264
417
112
89
593
630
243
124
409
159
205
385
181
579
353
211
533
376
408
529
500
640
333
345
380
329
574
82
562
521
31
632
116
677
457
588
78
618
516
393
125
144
445
104
197
98
265
519
473
182
253
42
555
641
245
13
294
633
360
458
413
432
225
56
583
601
485
39
7
481
515
58
657
454
650
606
441
27
621
400
347
83
302
292
553
152
202
218
653
300
51
595
175
446
493
311
546
507
456
260
508
328
103
259
299
568
404
97
129
57
41
577
377
536
547
276
268
29
165
429
187
356
392
155
28
307
303
411
38
189
629
154
115
59
428
587
340
379
121
399
605
431
30
126
72
195
613
24
270
367
139
440
66
76
615
275
627
246
358
14
338
510
572
280
99
570
47
314
150
612
141
309
327
269
10
386
233
4
44
421
483
117
32
416
462
418
207
91
532
667
537
644
344
73
298
402
389
375
2
435
455
608
599
84
238
118
545
388
247
346
597
287
620
153
565
350
464
403
656
75
359
199
504
296
434
674
415
370
128
227
384
609
660
679
320
234
240
239
427
317
171
23
373
575
156
79
122
591
250
511
332
86
355
192
406
383
551
289
295
109
476
167
158
284
305
105
419
594
40
74
163
168
279
177
15
372
552
92
371
241
422
382
273
469
188
678
589
531
649
323
463
518
528
491
349
585
143
236
95
93
472
25
647
224
466
196
215
160
494
598
354
22
151
110
176
348
71
544
443
231
3
468
648
558
557
672
255
230
645
133
470
474
37
514
180
222
495
576
271
272
401
185
505
186
33
512
391
21
479
336
1
304
449
619
55
426
251
502
610
62
602
191
452
172
396
560
173
524
319
285
368
461
410
430
487
130
113
281
36
680
548
102
498
106
363
450
655
120
499
394
277
623
586
132
564
330
6
482
616
258
263
101
85
213
145
123
283
96
675
341
184
637
