136
116
198
153
637
423
363
285
99
292
495
372
573
248
36
256
575
382
620
449
16
147
571
538
74
387
230
189
17
388
11
639
521
201
665
9
596
274
669
511
557
451
227
4
197
90
28
51
184
505
215
40
231
304
291
271
610
6
298
170
424
144
598
595
429
145
494
378
101
325
512
88
311
487
597
501
187
673
530
54
264
86
502
400
483
657
244
563
395
362
554
420
364
110
96
499
379
30
214
601
534
169
317
118
402
506
384
516
344
443
663
646
607
652
98
445
574
213
335
203
260
389
149
70
234
356
71
161
266
471
318
632
520
603
567
477
13
141
121
297
431
448
60
262
619
481
81
34
174
656
622
435
146
627
415
473
462
513
151
223
545
454
371
278
398
320
677
76
117
299
123
411
438
69
79
83
220
131
638
309
618
327
286
447
157
173
472
397
437
265
301
284
218
279
159
192
1
243
300
583
600
410
50
195
78
392
294
359
247
72
282
675
158
97
625
480
476
461
15
5
671
7
345
267
585
347
176
455
593
177
405
65
107
41
353
237
498
643
289
102
224
634
108
421
10
3
377
172
275
482
139
606
558
360
150
403
259
386
408
125
308
559
232
181
580
546
616
524
205
26
352
140
427
497
396
664
535
239
604
651
667
330
160
547
367
591
120
326
137
114
365
312
439
653
67
433
561
103
354
532
180
171
303
342
94
564
20
314
490
509
268
32
199
355
228
515
277
349
322
672
68
134
39
167
393
442
46
464
209
548
510
42
602
647
640
531
287
413
346
394
549
45
273
479
49
38
582
614
206
302
493
519
18
33
281
383
527
539
579
373
504
269
586
295
341
8
450
376
100
188
434
428
528
654
540
525
316
613
332
252
676
31
484
680
556
334
142
555
679
250
636
119
432
280
562
407
296
518
58
492
162
293
75
366
19
542
43
186
626
166
609
406
53
154
56
208
63
55
246
283
416
381
522
660
241
87
496
628
37
253
324
592
152
179
526
229
307
306
290
351
73
95
109
321
533
138
529
641
631
336
82
617
59
328
47
305
644
678
225
113
44
541
425
552
337
543
111
323
219
257
190
315
605
375
216
399
310
436
2
14
80
507
380
488
414
35
441
64
132
233
258
0
127
126
570
200
458
621
417
194
62
165
276
630
624
255
12
331
589
135
221
577
84
254
85
358
474
191
129
385
207
27
550
560
491
452
210
196
143
611
77
459
486
343
22
418
584
361
319
202
453
339
105
124
500
338
467
503
89
446
185
404
251
650
426
668
523
329
568
569
164
217
391
544
588
368
599
222
249
66
649
457
245
272
466
357
489
674
422
635
288
470
333
115
661
226
576
91
514
270
517
581
183
25
104
193
623
642
430
178
163
566
401
468
633
128
374
340
537
648
409
578
587
130
