60
17
664
253
47
186
90
494
510
183
581
377
570
469
109
31
640
76
526
525
151
355
367
454
270
659
516
569
117
199
396
589
606
567
545
490
113
148
64
653
465
41
491
142
651
71
175
616
434
317
123
347
83
364
507
35
147
656
304
251
533
82
594
354
136
405
302
531
601
423
50
325
623
380
512
338
644
557
462
260
638
105
591
335
542
252
77
177
645
218
439
381
155
345
307
451
537
258
361
442
373
622
669
247
344
593
464
224
98
489
554
496
472
436
203
74
15
115
321
435
428
168
162
5
263
390
663
108
72
219
578
226
301
391
553
239
213
563
517
22
96
230
193
410
342
172
603
479
266
631
548
154
675
566
153
331
357
336
587
268
45
107
652
370
547
429
273
127
610
415
28
630
48
678
584
34
618
588
655
572
262
574
518
538
508
376
607
571
132
217
476
665
351
245
461
323
598
395
131
94
279
511
535
190
374
284
498
467
527
401
140
438
227
163
676
271
267
564
362
78
229
79
75
637
576
613
605
425
195
633
63
471
349
350
639
514
592
3
228
235
44
444
624
319
672
138
643
150
311
393
145
243
70
388
277
39
191
303
149
671
116
614
330
84
283
657
447
38
306
287
565
641
482
101
259
556
604
608
61
666
62
159
568
130
134
599
114
353
152
276
519
49
427
318
463
316
365
352
615
299
119
677
399
37
437
254
184
238
280
125
255
165
329
408
169
310
346
305
202
124
475
220
422
459
646
179
156
474
632
122
248
539
497
550
509
99
392
0
674
180
500
135
4
583
234
85
363
291
600
170
21
453
181
278
194
343
198
18
223
368
389
174
555
157
400
660
102
402
478
334
440
634
661
27
375
56
673
282
394
281
312
629
577
106
322
328
371
658
158
104
552
207
92
430
164
294
12
586
264
196
562
95
487
204
315
667
466
295
232
339
249
411
160
16
450
625
541
426
121
495
636
11
2
612
59
418
485
187
529
679
33
53
441
406
222
421
80
100
579
133
81
54
231
320
66
626
10
504
67
449
424
241
55
288
521
286
290
29
246
341
359
481
275
68
617
602
515
9
404
292
505
448
51
647
211
549
492
560
1
137
480
185
300
201
210
530
348
161
445
340
561
412
212
261
337
110
457
118
309
178
534
680
57
642
559
166
272
167
382
520
383
650
7
128
378
477
414
206
221
681
36
397
274
628
225
269
620
8
126
296
40
332
88
297
285
609
265
551
24
112
89
470
575
546
188
173
580
654
237
627
558
662
52
452
192
398
308
289
488
543
484
69
506
233
403
460
6
523
522
501
407
257
597
93
619
536
30
65
431
387
416
455
91
582
293
14
456
327
13
585
176
129
313
58
143
86
540
366
103
513
314
372
43
503
326
144
413
670
532
111
26
87
648
573
