102
526
56
372
262
377
269
434
96
575
514
427
645
337
88
562
622
111
258
291
586
535
303
676
23
30
380
490
204
271
419
624
298
510
503
588
506
75
222
46
369
339
601
146
597
138
459
536
637
461
519
681
202
33
364
250
476
164
287
64
474
108
584
579
5
100
221
214
89
556
493
609
284
543
109
286
453
516
162
486
57
174
466
280
194
349
442
432
654
212
249
141
80
302
311
77
640
40
18
496
79
665
507
167
210
673
228
370
301
58
252
408
24
173
412
573
565
564
32
160
489
128
283
488
99
84
234
610
397
124
561
590
86
338
257
353
209
334
92
358
399
495
294
134
323
523
267
626
355
444
47
648
468
675
144
618
187
606
531
241
508
406
463
530
237
201
55
242
14
312
373
630
289
28
446
542
625
315
218
569
513
319
93
644
613
103
505
439
429
190
540
282
398
268
551
509
7
155
243
368
550
595
182
198
307
600
136
471
464
331
85
186
420
356
467
418
589
330
664
322
276
451
6
247
121
233
574
296
130
39
384
547
525
98
401
582
151
491
149
548
9
53
67
428
658
511
119
235
113
304
90
264
351
479
521
483
236
52
325
17
161
261
470
375
623
363
69
227
43
578
532
433
440
12
165
299
159
672
346
13
112
395
318
3
497
260
499
74
254
657
367
65
0
674
245
415
348
36
518
546
629
663
61
107
537
31
326
110
402
11
545
661
621
529
193
638
668
594
73
538
478
83
475
677
342
306
379
203
94
256
293
378
671
405
122
666
400
662
183
206
423
458
133
70
191
188
457
500
533
335
95
226
238
604
553
359
41
651
324
153
333
568
639
246
430
632
386
436
501
199
66
350
158
615
148
4
196
357
231
143
388
552
576
42
288
392
278
272
581
211
571
524
452
189
555
404
448
290
650
603
105
438
178
544
200
127
259
169
655
171
219
329
300
563
230
279
410
266
549
48
627
37
580
176
310
265
62
152
366
255
577
137
421
679
469
225
660
91
641
431
244
515
327
414
460
455
376
583
154
354
352
197
387
45
374
205
320
426
612
646
620
332
240
27
441
416
557
106
63
642
274
504
297
649
81
131
396
115
49
480
520
135
667
314
217
125
558
628
670
172
607
34
437
340
253
409
344
598
502
616
633
473
653
643
170
403
560
382
26
407
295
585
275
213
602
22
305
223
592
308
454
528
522
123
181
180
567
527
381
605
232
215
587
97
447
263
462
140
147
678
656
445
229
277
129
680
652
614
572
450
142
390
385
424
635
281
512
482
477
184
10
117
50
566
292
669
554
71
659
207
120
487
25
78
177
316
285
29
150
360
54
104
20
492
413
608
166
345
16
139
321
365
485
114
251
636
145
168
559
179
517
593
343
156
498
347
631
443
132
541
591
417
87
596
