365
353
489
661
102
366
356
60
194
91
321
493
48
645
403
301
152
206
600
477
113
498
679
3
607
409
168
227
186
357
336
258
673
36
520
429
559
292
427
88
196
130
352
585
19
287
252
646
360
432
629
57
444
171
109
513
377
203
118
518
376
613
71
521
80
204
30
280
644
44
399
543
315
628
497
402
350
487
108
65
671
162
398
302
138
570
451
93
161
481
190
539
610
115
101
626
198
364
324
225
453
657
181
157
240
470
588
167
177
676
325
272
599
312
270
266
75
436
311
268
236
111
222
478
229
616
369
495
422
212
400
386
574
652
618
528
368
454
116
192
120
330
63
538
426
223
452
133
193
159
81
395
310
142
494
288
56
201
279
79
563
119
255
107
561
423
535
620
215
128
153
12
66
461
73
143
442
491
49
611
87
144
163
47
98
305
224
639
500
501
15
397
512
131
379
654
633
664
135
283
410
335
534
625
419
648
22
642
359
623
267
303
558
514
290
674
631
251
262
147
0
182
396
58
593
46
277
573
94
45
100
248
122
678
675
27
169
361
469
529
346
126
245
358
51
231
517
670
259
33
239
392
471
195
681
263
540
90
584
656
298
148
304
456
78
556
289
35
341
378
537
6
141
641
219
590
24
216
269
630
202
221
647
82
297
8
241
309
342
373
665
485
401
247
592
522
490
351
544
615
62
635
230
253
465
627
541
343
460
154
575
638
96
188
189
581
150
473
404
176
313
41
383
99
375
185
488
70
408
208
83
294
250
76
228
362
482
4
421
92
173
382
640
389
319
334
412
391
605
617
516
562
200
349
249
327
587
123
505
447
318
519
663
655
355
443
560
446
211
496
244
662
274
205
428
286
632
220
579
34
85
234
156
331
291
390
531
424
532
612
606
672
380
20
14
67
21
653
601
264
677
591
393
414
527
53
213
347
666
329
140
146
323
158
134
660
9
509
363
10
406
546
589
431
314
435
536
114
566
549
568
636
104
439
370
480
464
603
125
371
407
170
637
462
614
416
557
29
139
299
260
438
165
333
226
418
105
180
191
348
306
484
232
55
43
372
284
183
285
475
499
317
86
242
17
667
503
209
145
413
254
394
207
237
525
273
275
28
345
450
197
52
609
594
340
643
457
175
37
320
300
338
459
430
583
526
235
586
598
523
621
564
463
547
326
572
602
554
440
59
13
129
387
651
26
261
322
441
515
596
256
571
577
307
72
257
214
2
278
328
553
367
381
479
552
117
533
5
210
466
217
344
569
445
136
11
174
332
411
597
25
54
68
233
84
415
64
187
658
151
511
634
388
137
172
530
668
455
337
542
179
374
604
160
50
112
7
32
238
595
354
164
486
650
271
127
295
467
474
624
472
18
649
608
1
97
42
576
89
449
550
308
680
669
