635
469
194
503
407
599
320
119
240
261
130
233
169
534
365
345
576
223
196
623
197
14
55
440
517
352
529
620
616
608
177
330
256
550
575
524
204
95
414
184
564
494
251
316
35
394
72
266
88
249
476
156
644
338
93
277
239
559
53
578
121
398
445
70
171
65
206
82
200
594
217
157
508
28
221
99
170
257
120
346
325
4
341
377
301
420
280
541
96
404
285
147
370
584
595
226
376
486
424
326
148
403
274
354
81
480
101
234
158
459
636
242
313
322
650
363
126
681
496
209
21
202
115
557
504
334
467
610
591
441
544
669
361
413
79
129
617
173
33
431
537
222
479
235
86
46
137
633
23
187
128
433
528
314
195
421
668
515
501
549
179
135
592
124
300
125
67
554
84
61
150
347
337
622
678
387
304
587
514
255
444
283
513
392
569
474
58
140
463
396
464
111
49
281
438
426
485
71
583
134
605
502
667
264
229
590
499
521
475
375
213
371
51
165
453
39
185
621
24
379
545
183
588
293
489
146
308
522
596
254
624
507
652
64
491
680
154
601
527
250
360
92
80
290
676
353
612
386
359
116
638
163
679
311
289
214
237
609
271
540
309
284
558
332
589
493
563
454
25
287
161
298
472
267
276
567
113
144
167
87
597
539
41
110
573
98
562
419
357
551
651
642
13
448
509
460
268
17
671
192
627
44
342
492
402
418
139
26
315
634
581
388
278
243
449
247
198
188
358
415
535
512
497
525
180
383
526
340
105
555
490
312
546
593
520
425
619
228
373
538
273
190
368
75
533
364
151
408
648
536
615
127
89
429
7
292
265
155
288
1
645
141
457
465
32
628
62
333
201
178
602
9
108
5
172
136
409
186
45
2
542
382
162
548
321
323
8
305
625
291
654
561
401
384
568
199
160
348
227
30
112
423
399
629
390
297
484
389
104
397
455
439
193
77
579
189
378
673
580
174
462
225
422
367
270
510
649
52
585
11
428
131
182
461
506
516
306
303
427
437
355
468
324
481
231
482
181
56
473
613
675
630
54
487
665
659
220
410
327
0
38
350
269
639
395
335
43
16
50
258
556
647
470
498
411
391
574
618
238
74
191
18
532
674
488
34
432
531
406
152
385
349
500
658
571
607
660
657
653
447
319
369
434
259
117
582
343
236
215
677
430
145
666
477
114
458
662
495
294
253
248
471
91
643
286
19
12
566
604
356
246
344
614
672
149
637
362
164
412
224
106
212
85
230
102
416
656
31
245
275
547
530
97
40
260
446
598
329
83
299
66
69
132
109
366
68
123
153
3
48
570
307
456
523
511
632
103
552
565
586
317
27
73
543
42
374
600
336
663
22
560
661
435
572
478
219
166
452
78
553
142
232
405
76
100
443
451
176
670
211
655
296
210
505
