429
23
189
47
361
589
557
455
619
499
465
629
592
41
483
304
676
426
520
81
445
570
637
101
65
118
539
59
679
57
19
328
60
173
134
56
378
248
180
293
245
117
365
161
506
606
650
617
66
626
355
602
274
656
159
459
35
563
92
172
473
277
257
350
544
412
460
69
596
392
13
104
546
432
314
496
660
487
261
654
351
547
307
201
85
550
119
368
373
111
669
597
255
333
242
139
572
68
519
372
34
388
559
434
375
535
678
341
406
659
120
273
0
195
132
107
17
16
233
409
82
349
148
525
533
433
337
45
181
541
331
11
88
363
360
394
262
560
425
121
49
305
335
430
449
310
396
620
329
116
486
457
241
312
323
207
435
613
62
422
223
135
641
417
567
247
632
259
90
552
29
630
358
224
672
575
185
419
504
318
160
537
594
103
644
347
345
165
268
80
334
408
3
285
9
522
400
353
610
179
377
383
218
428
306
614
631
197
40
556
5
591
214
668
352
38
286
581
648
566
346
162
67
124
39
4
33
653
147
414
528
604
545
399
582
555
31
236
382
448
666
95
339
531
187
494
146
289
74
299
404
61
385
301
76
523
395
186
364
615
260
437
200
649
78
484
42
133
438
554
250
446
362
472
192
423
343
601
510
463
458
157
464
427
655
512
102
52
443
663
511
97
421
128
177
110
507
415
311
495
142
584
6
267
527
237
565
58
232
622
558
203
447
284
479
2
371
217
46
225
18
168
474
292
482
568
651
283
524
509
354
93
213
258
291
402
106
115
452
677
386
36
480
374
204
244
221
246
410
440
481
249
122
577
164
579
551
639
239
83
436
295
573
70
411
379
98
397
647
359
30
340
467
127
675
1
673
27
89
308
73
184
171
453
538
516
529
91
441
370
587
125
661
315
376
12
593
442
681
493
238
114
543
309
143
439
14
642
54
208
344
131
380
174
585
191
270
407
540
123
138
624
51
220
112
265
488
272
342
256
182
105
300
671
518
240
230
153
326
205
501
294
150
156
163
167
623
206
188
500
324
145
491
226
216
194
202
298
574
608
605
521
502
389
549
175
612
94
229
498
280
526
403
517
228
100
290
607
444
366
646
53
227
391
658
680
154
251
275
664
475
158
271
44
670
665
113
24
211
108
320
169
79
50
530
84
8
32
99
109
136
330
222
28
287
55
599
611
48
667
477
63
413
384
603
322
451
234
462
424
598
303
600
219
590
296
21
420
325
199
450
137
536
212
657
636
625
505
553
231
405
317
183
662
578
485
278
20
170
401
628
176
327
198
470
571
266
492
130
338
576
489
193
140
416
476
152
609
10
269
96
210
674
569
548
643
532
635
332
75
77
263
149
634
514
640
469
564
461
253
369
321
151
302
190
586
348
243
87
618
418
288
166
595
