653
184
169
188
453
211
108
89
252
201
9
122
255
229
671
515
369
357
677
94
634
543
291
666
491
41
165
256
2
433
392
551
635
144
50
368
418
372
352
213
482
294
16
1
271
411
98
200
43
514
28
168
42
434
598
630
92
681
337
30
528
426
270
241
243
487
25
24
342
93
471
672
161
347
546
470
153
397
77
29
401
476
143
102
289
577
335
518
208
407
409
103
338
23
215
619
521
520
495
511
99
439
288
276
197
599
415
175
234
621
568
516
65
190
346
145
322
147
106
396
83
254
398
45
203
111
562
430
13
125
170
595
559
307
79
84
246
150
393
0
571
262
133
97
379
627
660
622
617
420
628
265
504
585
576
258
412
112
541
424
556
384
162
319
189
310
227
371
444
662
387
228
324
39
680
399
301
527
633
36
481
612
539
214
452
606
198
185
480
47
305
419
435
348
314
298
139
49
603
187
624
159
383
205
247
275
536
533
575
17
569
40
616
177
373
506
679
676
239
330
209
67
390
115
548
317
609
37
618
95
344
124
512
285
232
148
648
405
179
140
668
656
302
158
86
320
386
417
370
163
240
134
329
323
263
138
61
136
248
586
52
295
380
333
318
332
483
437
538
545
475
57
505
76
80
413
553
488
460
59
466
340
251
367
219
406
151
32
525
303
641
469
345
463
673
560
462
402
250
21
71
441
579
272
457
530
53
167
678
503
157
496
119
88
646
309
44
210
449
561
461
636
120
27
68
442
355
135
315
290
4
499
532
632
665
268
91
58
500
126
63
87
513
74
218
78
382
104
651
547
105
443
400
489
195
572
354
589
282
110
610
231
199
26
20
529
100
216
364
594
306
56
517
582
293
554
510
578
278
224
507
374
277
296
339
450
299
394
308
362
6
191
38
377
588
222
625
600
408
604
454
233
669
456
353
608
221
173
113
245
421
235
193
549
194
519
623
349
192
649
130
64
526
403
281
116
440
10
587
567
663
472
531
552
132
667
664
34
509
230
555
361
564
358
385
544
378
46
438
128
207
365
331
18
675
171
253
117
474
563
155
107
465
416
550
343
448
670
498
69
351
206
174
5
428
613
7
464
137
626
311
455
467
204
51
129
101
141
297
607
473
639
202
573
657
484
356
225
109
131
643
540
11
647
12
3
493
316
376
659
341
366
160
388
166
581
300
414
477
73
96
596
422
580
650
304
264
244
260
674
629
48
363
181
524
226
431
220
328
410
269
502
458
217
350
583
55
334
522
287
590
236
436
661
644
494
446
114
534
542
259
490
123
523
19
492
121
90
183
81
33
654
75
284
72
558
238
611
176
223
172
249
212
146
54
360
537
336
142
261
60
274
645
395
321
313
593
592
237
389
154
66
570
566
279
381
459
15
22
655
565
266
31
283
