179
151
637
281
223
365
163
20
328
552
309
326
201
319
338
385
353
679
391
126
380
257
124
607
230
176
501
53
515
316
617
627
305
50
320
548
313
254
302
564
175
675
527
414
674
231
503
150
264
142
504
580
193
658
611
114
518
369
258
340
106
337
219
208
470
46
204
661
158
628
625
225
25
618
301
335
29
39
487
545
189
377
195
601
431
70
650
41
265
48
36
32
459
560
529
251
429
196
505
390
361
156
310
188
169
583
318
642
428
235
290
571
669
497
203
630
435
145
546
347
488
8
533
629
286
534
9
272
455
15
387
643
636
42
632
512
205
425
555
69
511
638
300
647
376
612
388
556
200
129
187
499
229
557
469
404
467
392
480
98
331
411
216
92
68
170
77
664
599
128
474
396
11
573
536
606
531
660
613
133
115
415
383
218
646
227
570
306
517
535
259
27
358
125
287
443
473
314
108
64
162
173
212
615
190
241
588
192
294
333
339
226
447
539
400
2
659
199
336
676
206
214
544
540
370
461
93
513
327
242
524
248
161
354
56
44
489
360
291
478
439
120
5
255
119
437
113
537
312
136
288
680
406
144
109
289
134
24
633
581
593
117
110
417
197
34
35
450
460
91
366
471
87
373
475
576
525
350
386
6
94
393
45
89
332
245
88
595
75
330
468
493
275
270
356
143
76
547
381
334
449
363
655
182
132
107
368
97
30
74
18
102
665
678
608
95
317
569
220
185
279
191
274
51
399
509
635
78
432
256
458
495
640
79
38
413
131
550
582
551
567
308
154
519
82
609
298
543
23
652
586
502
444
671
16
465
209
167
401
57
211
434
213
624
49
441
146
420
1
424
122
26
427
510
622
315
100
477
641
342
155
457
252
148
430
472
243
408
47
553
202
83
237
648
631
490
293
52
422
541
656
321
561
239
247
3
177
653
222
357
234
649
491
481
651
238
10
355
28
500
621
549
153
273
668
626
22
603
454
249
111
99
21
412
507
240
591
121
442
382
600
171
12
13
323
528
127
563
453
492
166
296
496
194
141
568
118
554
174
394
266
452
654
494
43
657
341
250
421
359
616
186
462
217
526
262
645
384
374
348
485
103
0
73
532
232
448
514
416
130
172
530
602
466
584
268
168
147
55
479
667
86
14
329
61
152
520
322
498
522
438
181
67
295
456
184
228
397
644
597
639
81
149
604
516
233
436
80
562
559
157
101
59
523
623
418
104
207
210
446
506
426
367
407
160
33
364
198
378
123
267
423
592
486
137
402
63
253
590
139
572
389
619
344
482
138
538
278
343
484
324
54
410
112
445
311
362
577
283
409
345
579
263
276
398
666
670
677
135
71
351
65
419
610
464
280
297
299
565
589
66
236
159
578
325
116
483
261
284
58
282
304
303
433
