330
646
261
106
122
416
478
647
674
66
474
509
27
104
259
354
567
10
362
384
528
514
23
288
550
88
52
1
198
575
202
93
311
475
538
48
135
242
348
582
448
252
603
102
338
508
90
45
385
679
600
485
527
32
85
236
367
543
161
160
286
413
471
68
109
422
172
670
351
279
207
280
159
678
636
420
500
455
116
430
312
522
256
358
467
578
250
308
227
258
274
341
408
16
305
205
253
499
101
340
192
595
337
15
97
663
146
441
154
561
380
518
398
209
453
523
118
216
71
477
515
313
298
264
245
121
218
158
535
138
542
490
657
363
541
0
447
364
297
481
529
611
73
563
203
95
151
184
555
143
581
105
76
142
347
333
643
156
665
128
628
65
604
460
141
267
35
147
107
565
133
507
577
612
100
282
302
185
168
296
255
299
568
505
317
588
658
525
531
22
269
178
69
483
303
283
212
41
166
492
425
630
262
382
29
229
11
181
153
361
349
472
369
356
376
99
137
270
421
393
206
459
532
580
365
72
650
295
642
649
366
59
571
56
111
512
661
399
67
553
586
277
496
266
131
435
77
169
80
466
344
374
486
545
271
31
559
359
173
335
585
436
307
601
626
171
155
656
632
484
355
489
325
433
405
540
244
620
50
434
223
167
268
37
119
5
78
294
301
526
235
176
199
53
480
592
640
510
590
667
163
414
120
217
400
546
170
273
644
21
381
412
324
653
13
615
208
557
117
530
329
331
672
379
450
576
293
228
625
432
43
613
655
318
345
220
300
309
8
81
201
46
407
487
440
263
177
346
668
497
342
438
195
225
599
470
554
562
375
411
38
19
607
551
610
680
292
675
681
629
372
520
132
390
402
213
321
639
215
30
651
110
616
287
39
465
587
265
113
544
233
6
254
332
291
666
593
4
388
304
584
114
533
501
452
449
456
662
275
660
482
75
214
191
20
127
673
419
42
638
70
566
654
446
130
25
589
51
210
417
493
624
64
247
182
383
86
272
664
473
323
669
387
498
34
306
494
676
442
428
92
457
139
426
479
33
659
652
350
634
519
281
396
461
230
517
89
458
204
219
183
241
386
334
631
251
424
373
622
395
539
591
18
648
60
40
187
49
617
221
572
193
243
549
570
389
583
552
327
618
7
504
431
240
560
357
404
58
370
391
394
614
439
189
96
328
200
36
180
63
44
211
157
226
444
451
55
423
314
352
621
249
524
257
598
79
516
112
320
503
397
319
290
637
248
437
28
641
239
278
3
463
2
194
129
24
623
83
569
537
197
179
222
196
148
26
123
343
164
260
103
371
468
633
186
445
548
645
602
579
454
401
174
409
82
61
9
609
237
140
125
188
322
339
410
310
165
536
57
521
353
336
547
513
126
502
511
108
14
534
495
150
506
605
