568
84
519
161
495
489
527
358
510
279
529
269
240
261
487
681
94
266
212
171
548
79
564
20
267
388
382
116
454
578
297
147
587
257
610
415
381
437
54
99
461
484
199
540
380
605
397
33
596
678
129
7
186
319
6
3
155
669
679
627
546
284
13
182
477
588
520
185
615
40
409
357
237
311
102
544
93
255
359
191
647
310
423
531
62
331
196
341
162
352
100
317
120
254
95
132
337
210
193
366
652
637
270
618
179
500
1
97
639
518
522
580
498
603
447
202
98
25
281
198
674
225
579
591
670
427
566
119
389
247
150
22
425
623
609
420
203
288
145
126
214
458
135
607
343
525
181
89
174
96
507
302
377
55
354
148
444
617
602
230
187
530
291
424
560
45
272
584
216
661
361
575
122
636
82
360
482
619
106
154
666
550
600
463
200
280
324
70
57
659
353
481
233
238
263
91
667
411
407
189
622
296
399
188
164
475
52
242
205
194
290
355
675
638
75
648
551
170
173
451
435
651
134
553
136
513
410
635
28
328
321
12
323
504
256
375
492
398
430
473
634
81
665
63
241
165
208
316
318
71
236
597
372
139
414
301
23
554
402
452
514
401
160
334
515
673
124
326
570
9
190
259
149
26
37
304
56
628
459
224
386
333
78
92
215
49
392
140
658
616
332
502
275
46
633
589
556
217
110
24
421
368
582
404
105
630
262
305
201
417
621
385
0
330
58
351
152
405
222
138
496
393
471
260
557
555
306
108
209
65
562
640
349
107
195
68
18
123
178
69
229
113
523
572
457
506
109
19
641
574
443
464
631
169
72
480
142
347
264
611
429
391
285
524
497
369
274
239
103
650
43
322
4
431
604
453
466
271
533
36
158
416
309
342
213
38
543
282
211
535
365
137
517
620
16
606
442
662
516
219
156
508
403
663
400
426
428
408
32
371
493
649
2
14
295
31
632
223
644
73
64
378
258
581
88
180
536
601
433
218
104
300
534
298
111
34
320
133
293
27
594
613
374
289
456
356
44
207
450
440
41
494
541
175
232
85
114
234
286
526
370
462
338
80
167
625
220
364
335
367
53
50
348
660
67
491
312
327
303
539
655
231
314
340
571
144
419
268
245
329
593
680
383
624
528
252
395
59
5
47
479
74
83
592
244
325
253
434
339
599
586
60
505
672
90
598
11
250
445
151
8
563
418
128
346
396
130
476
235
313
490
42
362
376
538
192
488
478
549
277
521
449
532
412
131
656
439
177
406
87
251
153
664
552
394
176
567
626
10
438
446
472
183
460
157
248
345
654
51
569
537
265
436
115
501
141
294
228
474
384
441
336
448
315
308
576
653
561
29
143
413
283
646
468
15
125
278
249
642
590
66
595
299
77
486
168
503
121
76
39
127
577
671
559
