475
553
356
211
151
402
424
566
436
415
123
455
189
292
164
624
265
561
209
517
463
585
400
171
521
33
519
406
344
416
476
61
504
161
551
588
264
10
550
657
178
201
259
498
82
288
131
254
328
353
152
295
369
238
317
94
85
434
13
376
597
0
547
667
377
100
493
647
320
156
379
172
333
318
604
252
644
450
358
470
445
217
227
508
22
341
403
609
124
101
670
488
200
230
466
71
388
482
570
352
272
430
103
425
256
330
185
207
135
462
142
483
427
602
258
3
229
363
460
389
232
355
548
401
405
132
384
414
66
334
576
494
42
39
45
136
556
223
481
672
37
284
296
241
25
560
105
327
65
485
154
240
110
453
21
512
640
606
391
314
394
615
270
125
437
374
479
183
203
420
372
267
429
24
456
586
146
338
336
380
418
321
181
557
43
287
15
447
4
636
69
362
540
675
9
343
642
79
575
600
276
226
452
340
630
666
143
11
649
46
30
510
67
134
623
564
370
653
170
231
608
76
421
422
411
23
525
70
19
323
538
398
245
332
473
574
499
257
545
671
656
40
150
349
129
224
558
115
537
614
47
533
130
304
598
524
478
587
441
346
263
205
111
186
663
534
182
443
639
77
390
378
579
195
55
175
364
567
243
451
354
592
433
302
395
368
99
371
621
678
137
596
159
673
109
457
440
618
361
309
291
572
413
366
516
90
193
282
228
324
335
542
141
148
432
387
112
503
528
329
26
233
359
222
500
289
17
607
237
506
381
127
316
409
184
306
428
96
92
562
290
373
501
573
28
502
68
126
91
492
50
417
64
210
648
643
86
108
396
518
641
78
194
531
204
654
617
62
543
32
294
612
337
244
117
255
594
613
511
139
625
261
583
392
35
34
285
198
14
59
286
307
20
41
208
75
484
7
133
278
83
591
253
301
247
213
74
629
169
662
593
326
167
375
522
646
469
578
541
97
221
532
635
273
311
351
486
220
310
271
472
345
190
569
426
274
36
552
16
250
80
474
383
513
44
626
677
219
113
305
605
496
555
89
487
48
601
260
645
410
88
95
655
438
192
218
331
459
679
514
275
350
651
180
412
173
347
589
603
554
31
248
191
215
52
669
300
339
620
157
530
680
393
650
464
262
73
468
465
315
632
107
98
637
281
283
590
397
63
165
467
523
118
299
660
277
84
631
121
269
214
242
38
507
149
266
251
563
268
505
665
18
147
179
527
56
419
365
155
529
312
520
674
404
431
212
138
577
581
627
216
526
497
444
54
382
106
584
619
116
313
536
225
168
458
595
367
461
60
176
622
5
81
58
303
544
599
546
471
559
423
114
280
308
120
6
659
489
661
610
568
448
652
234
140
197
12
1
27
360
188
249
104
202
319
549
435
439
187
279
162
515
298
449
