255
158
388
426
462
480
512
409
475
35
597
534
47
68
288
366
278
116
272
577
598
527
178
619
13
89
233
618
465
362
623
274
279
220
224
4
264
277
179
424
441
448
490
270
397
416
517
522
551
185
648
364
105
98
400
121
469
569
169
489
590
11
428
500
155
314
211
307
301
216
610
625
239
666
306
147
146
642
65
125
106
437
389
662
120
50
657
628
599
228
658
34
461
676
276
3
502
6
542
587
87
681
663
503
111
582
210
75
17
167
103
132
543
85
547
308
104
161
468
23
516
21
139
107
605
383
129
318
680
514
297
406
222
76
238
379
36
44
82
190
526
261
126
377
650
633
63
360
440
591
265
532
177
435
561
324
38
291
361
49
677
593
153
445
483
487
175
96
405
472
143
529
22
83
567
531
287
601
72
200
74
333
533
327
214
382
257
485
56
33
572
375
429
339
284
421
423
634
347
55
39
172
401
470
471
259
140
660
204
73
108
184
535
458
507
473
521
436
659
481
679
573
42
439
249
548
394
144
317
58
226
425
187
565
332
157
131
61
589
154
669
553
296
20
412
672
673
250
219
564
568
283
37
523
340
674
149
236
198
563
378
606
311
376
404
315
415
95
199
253
262
371
14
391
337
370
410
258
524
616
603
545
176
511
18
54
67
452
174
186
359
32
25
372
182
467
94
595
260
280
293
612
271
530
505
463
326
592
614
374
232
273
247
438
128
626
203
12
635
422
518
5
363
134
570
411
638
123
251
476
342
581
549
281
630
269
312
138
91
119
188
267
2
298
444
341
206
195
538
328
294
464
28
160
59
245
180
19
166
641
112
562
390
484
580
45
550
148
100
584
292
498
295
539
191
93
173
414
241
368
86
602
266
386
495
571
48
133
556
355
77
331
367
477
420
88
209
579
493
574
354
536
555
227
620
537
348
303
234
607
79
661
667
319
478
243
655
225
97
197
499
492
443
41
466
338
643
9
600
457
330
678
501
449
196
387
246
70
520
159
242
81
627
215
1
171
640
504
286
432
218
604
189
645
408
636
670
365
450
396
496
393
8
334
513
135
136
336
528
652
117
84
69
124
207
541
675
235
392
322
609
92
15
137
373
217
474
456
275
453
183
309
46
482
27
53
208
57
353
451
585
181
349
52
323
289
345
431
335
491
192
417
237
615
110
455
231
316
145
488
399
202
418
508
559
575
150
302
164
402
594
611
596
506
252
519
254
268
586
321
552
351
213
115
515
24
350
109
381
256
194
617
113
576
62
16
668
446
51
30
168
130
358
384
644
583
588
647
497
127
221
434
10
629
395
299
479
282
369
102
244
624
99
654
212
78
346
114
352
290
356
433
637
454
460
613
380
229
64
263
653
671
0
649
430
151
494
230
578
419
142
558
201
398
