43
608
492
20
458
120
566
223
248
258
81
168
282
346
126
418
319
97
376
250
164
261
75
296
281
422
158
477
278
333
474
184
507
351
193
307
461
153
15
465
10
563
130
635
624
329
38
612
497
107
88
468
367
185
310
509
488
443
539
454
503
659
177
567
268
369
205
308
626
317
125
386
611
550
599
480
225
204
585
663
27
643
645
129
134
84
361
534
380
105
234
469
677
80
201
415
273
217
12
200
77
302
243
343
141
510
511
71
475
121
403
149
379
13
9
69
174
309
557
473
117
555
577
23
359
218
625
265
655
52
536
506
628
162
18
558
108
636
355
212
674
549
263
409
548
289
601
537
591
615
621
5
646
552
221
34
51
252
493
92
242
349
180
314
520
429
406
47
448
313
132
594
389
26
67
602
654
417
295
354
582
318
377
538
579
337
247
464
113
365
600
29
423
219
559
116
151
304
378
438
606
78
494
229
87
274
431
32
246
421
197
453
390
609
53
642
236
634
362
586
560
109
262
182
36
366
679
46
251
607
228
220
485
272
82
224
637
142
671
352
45
128
442
631
301
203
384
633
55
498
42
101
294
434
0
680
444
430
240
254
533
447
95
437
641
275
363
662
622
332
114
72
186
463
531
3
360
526
412
432
574
486
49
512
150
249
159
427
98
613
433
195
546
451
102
338
428
467
381
124
666
605
495
416
358
456
675
592
490
70
65
571
407
147
331
119
192
542
551
387
297
491
575
516
651
326
336
122
59
664
553
241
16
199
371
90
681
21
68
61
288
629
515
652
397
543
256
40
330
484
312
237
459
137
73
396
446
324
335
496
578
320
325
96
157
290
135
44
300
35
630
328
436
48
22
11
569
527
532
350
63
669
100
619
501
383
393
30
37
136
104
271
523
441
103
528
347
368
305
291
231
230
321
505
581
489
311
462
589
450
452
568
598
6
209
373
610
632
178
545
487
2
298
638
292
194
618
39
524
650
597
372
413
143
676
86
547
257
202
79
530
341
440
198
4
56
657
206
519
476
596
382
529
166
1
479
504
565
146
266
426
544
402
570
470
603
472
471
604
154
580
348
466
357
647
556
169
264
482
213
391
255
283
226
245
227
322
316
344
176
399
500
649
673
216
187
155
395
244
522
573
616
160
233
306
133
19
260
127
299
17
627
189
232
172
196
214
656
410
173
455
144
593
667
541
140
276
183
161
8
145
58
449
170
7
353
24
405
188
535
481
64
238
115
171
587
25
639
31
562
400
83
110
167
370
425
411
28
414
514
152
131
388
435
287
508
112
179
499
210
404
62
14
339
94
93
123
617
644
211
668
286
342
165
74
315
285
419
91
375
392
660
420
525
50
583
521
215
327
640
572
111
191
439
554
588
648
460
207
156
672
398
293
518
