429
398
437
370
337
582
283
513
395
325
175
406
483
60
286
451
42
240
631
553
507
496
231
328
232
305
193
243
445
312
33
101
177
268
186
640
503
424
416
333
154
317
289
519
588
465
345
129
174
357
54
124
271
366
131
514
72
527
449
459
511
450
555
235
10
248
561
159
22
516
533
79
342
310
541
300
552
280
346
428
92
455
222
327
572
434
50
217
213
599
499
113
24
377
341
242
62
220
426
43
592
668
675
566
285
585
165
562
508
267
163
272
182
680
261
5
294
351
616
670
412
47
542
288
204
611
453
440
291
125
314
656
352
207
307
580
608
635
138
258
504
148
650
594
311
34
121
647
297
391
212
600
609
607
112
46
293
558
37
257
547
21
544
4
228
348
488
66
11
127
77
487
183
104
233
322
176
627
421
536
422
206
633
318
669
491
375
9
344
477
493
648
419
324
142
602
278
603
529
349
442
302
52
162
653
276
67
568
578
260
433
275
525
68
14
432
0
410
400
384
90
216
489
573
520
454
405
157
394
156
320
29
484
354
411
517
20
401
549
336
386
423
664
323
319
308
563
538
238
550
652
230
299
380
435
388
169
665
548
657
382
674
601
164
298
367
126
7
622
181
359
26
180
108
373
15
589
78
396
98
270
3
634
39
89
27
209
385
399
205
524
167
528
263
392
655
71
545
679
208
118
387
214
130
103
152
413
427
178
194
252
49
586
471
372
44
498
266
531
102
606
226
295
218
259
93
663
556
460
136
673
630
61
133
25
681
579
96
425
334
2
540
389
274
223
82
69
393
251
70
150
190
110
76
144
94
464
292
6
619
75
530
492
145
81
661
613
137
219
463
255
598
632
250
87
360
481
358
457
512
139
109
284
363
490
554
567
624
456
149
439
166
191
381
338
84
203
590
321
31
197
486
65
485
482
448
409
643
16
38
119
593
246
666
642
53
539
227
13
587
365
595
30
18
343
447
470
339
185
57
441
672
596
215
379
273
45
179
95
140
160
505
99
244
80
473
335
584
97
332
40
151
615
662
458
551
146
591
224
583
262
19
35
443
515
192
63
638
306
12
200
225
614
290
100
565
575
85
195
501
41
210
256
480
676
495
229
17
161
523
188
198
415
466
569
105
313
494
196
173
158
376
315
597
184
390
574
636
645
239
64
604
269
649
577
518
420
91
417
468
559
576
316
331
73
201
153
537
330
506
660
32
621
350
472
369
654
414
383
374
626
170
326
605
221
362
535
117
264
48
639
618
356
88
667
172
56
155
617
355
543
116
671
241
59
646
361
436
509
403
610
245
368
431
658
122
378
83
234
502
128
475
287
407
134
510
147
430
143
211
404
522
521
476
199
247
623
277
571
111
644
347
564
28
249
309
135
469
74
254
281
202
534
123
