63
355
235
654
549
330
231
13
8
69
155
680
269
103
655
559
200
268
445
623
139
432
234
321
562
404
313
254
284
5
247
370
378
157
92
676
192
66
86
604
138
42
538
649
56
668
150
6
385
674
672
93
70
260
585
0
297
263
226
568
280
592
376
414
147
105
488
646
154
510
183
278
490
50
397
458
581
453
565
644
295
169
393
333
471
230
57
483
196
308
40
119
503
413
250
46
616
15
348
22
73
670
456
412
384
460
322
368
265
180
361
669
570
193
558
243
83
16
38
421
544
470
60
37
172
389
480
90
39
343
338
365
583
202
178
275
395
679
486
652
391
671
427
617
446
335
177
339
10
633
35
319
108
593
106
560
36
379
189
179
626
256
561
296
665
51
437
266
31
589
294
547
525
567
101
337
17
96
325
317
14
444
464
206
362
100
224
236
553
431
253
442
666
88
209
102
259
148
579
571
340
305
420
309
584
272
167
257
162
587
566
116
477
197
48
122
120
25
660
574
228
619
479
408
401
387
521
643
607
212
1
415
41
573
203
134
523
539
273
423
298
447
87
388
216
72
424
52
406
434
310
426
47
312
440
29
270
75
557
329
252
472
462
516
400
484
366
530
502
517
508
577
512
611
681
125
184
618
380
651
115
629
165
478
26
605
439
68
104
360
659
195
656
30
240
520
143
381
23
222
548
410
241
126
590
383
151
53
451
515
156
620
350
153
285
639
613
494
168
438
351
630
163
341
569
299
468
673
145
158
107
27
599
267
663
304
262
82
491
647
425
302
334
582
320
74
239
225
499
430
264
274
336
12
95
80
429
190
246
223
213
311
419
637
390
528
535
124
55
331
541
653
65
371
123
131
258
110
529
182
476
292
657
146
461
217
219
85
636
276
300
113
475
591
459
152
600
130
500
650
678
324
282
118
61
283
556
543
238
232
18
588
602
316
496
149
208
497
407
622
248
443
132
144
24
492
518
64
114
204
632
245
628
416
137
564
367
354
364
287
218
288
409
612
495
606
293
631
20
281
323
345
428
136
374
402
540
205
112
318
505
7
398
615
532
346
303
314
514
67
161
448
450
519
186
662
394
109
43
210
667
185
58
572
174
482
170
194
111
598
117
363
129
466
545
635
498
199
221
533
513
422
135
640
594
159
677
251
405
526
78
661
369
392
625
173
595
99
608
537
227
242
352
171
433
62
473
286
326
229
624
614
279
187
403
19
307
546
328
580
3
358
452
142
509
481
306
664
534
349
89
609
28
133
2
441
237
552
344
638
140
642
454
550
641
201
77
233
91
417
301
455
59
164
9
524
610
382
249
527
563
290
457
386
141
289
121
621
98
347
396
32
97
54
675
474
255
648
507
485
575
71
175
353
79
277
327
555
597
357
332
418
342
596
