349
392
200
346
357
131
428
443
649
156
580
170
280
285
287
251
490
564
95
353
74
662
111
655
216
86
23
562
379
44
508
406
256
571
453
271
117
194
459
679
680
538
187
18
364
509
66
475
123
676
247
400
27
56
417
132
120
113
278
253
224
547
521
222
565
16
240
525
626
426
171
523
241
535
396
425
93
558
218
234
366
603
423
75
289
484
650
232
181
510
605
454
87
76
326
607
394
127
237
9
258
72
430
372
284
344
2
539
359
90
576
199
440
420
579
47
619
31
613
636
593
555
270
6
191
303
169
501
351
130
494
337
670
445
471
41
652
185
610
102
14
469
249
578
273
549
599
421
519
135
348
307
226
371
78
677
304
546
12
105
54
165
602
327
310
193
415
140
463
161
618
242
173
52
211
496
623
412
195
360
311
333
659
20
442
24
664
589
474
5
257
108
404
236
467
325
431
592
279
537
368
473
320
177
275
452
272
447
498
514
375
38
492
96
70
32
89
40
154
329
468
502
4
642
207
328
29
638
8
548
367
48
331
614
540
332
477
186
43
134
292
480
414
126
373
45
215
660
201
643
119
175
97
212
581
418
481
651
669
213
395
197
106
553
393
223
316
460
229
77
557
624
178
401
466
291
263
499
99
358
409
584
436
301
403
206
180
370
314
235
476
634
635
582
479
244
318
444
109
55
231
335
137
36
524
26
277
313
560
389
294
192
529
657
128
225
79
144
625
528
121
617
239
1
67
663
345
33
290
377
190
309
632
527
668
511
450
295
350
362
551
621
125
591
470
220
321
628
432
148
300
147
166
681
398
37
282
595
559
50
374
545
485
439
383
110
482
183
487
458
299
449
92
164
155
209
203
136
202
347
354
666
448
60
243
85
189
397
413
122
672
500
522
365
464
645
141
382
184
114
586
297
98
612
182
391
260
10
158
658
674
573
427
94
493
587
21
13
46
601
495
82
196
153
429
338
104
112
261
168
577
516
609
63
597
497
513
42
422
633
654
330
629
265
69
139
133
378
227
483
254
542
91
435
341
608
543
339
387
363
11
210
671
53
267
145
386
162
129
342
574
486
411
107
116
65
515
118
661
312
167
588
465
566
630
520
103
264
410
596
569
489
7
246
205
644
268
151
3
71
149
356
306
567
563
269
554
637
675
17
248
568
59
665
627
281
646
276
84
441
575
28
322
451
503
302
600
653
252
259
518
544
505
506
88
49
534
598
343
286
83
424
416
0
667
457
385
472
245
176
594
512
536
262
438
361
219
115
673
336
324
434
570
30
572
639
530
407
238
308
296
532
293
305
146
380
585
274
478
583
15
419
39
143
456
230
35
80
73
101
556
68
228
298
615
620
550
541
437
507
157
214
488
100
233
517
388
217
221
433
648
266
462
402
