207
62
6
77
168
81
91
3
46
138
117
181
55
63
152
146
0
123
173
153
61
126
110
48
19
24
10
1
206
17
40
7
159
25
124
198
156
136
178
149
45
23
97
13
29
175
18
112
43
66
4
98
164
163
75
148
109
185
36
68
179
95
158
22
129
72
150
26
141
177
121
76
38
174
96
28
16
99
102
116
32
183
166
125
93
14
39
195
89
31
49
154
105
2
202
188
167
52
101
103
171
118
197
190
189
64
160
37
27
15
54
33
194
199
180
119
94
187
44
137
122
145
41
135
65
147
104
85
142
30
184
114
133
82
80
107
108
79
169
172
50
92
131
67
176
56
196
161
203
58
84
205
144
12
73
51
127
35
204
59
5
170
74
165
69
83
157
88
60
111
47
182
53
191
11
143
155
151
8
162
200
132
90
140
130
70
134
