204
75
186
8
145
10
53
41
47
6
207
20
89
188
187
198
173
23
69
13
177
72
176
64
171
35
2
205
50
203
128
85
190
25
58
137
110
59
73
104
116
149
160
164
134
34
66
112
1
154
26
126
14
200
111
88
142
165
0
194
166
92
109
192
167
148
94
156
127
84
82
81
65
11
70
196
43
113
119
197
108
15
168
45
172
49
169
129
114
199
174
125
101
98
107
163
22
139
170
115
62
183
32
51
202
83
175
91
71
17
185
106
60
141
90
184
55
151
135
132
159
120
29
36
18
93
123
63
46
52
103
179
28
80
97
54
3
157
9
30
162
27
161
189
105
37
7
150
40
136
5
152
122
38
102
201
206
67
124
39
191
33
193
147
21
79
24
44
99
31
181
95
144
133
158
146
195
74
100
143
61
182
96
76
130
12
131
