93
86
151
70
129
17
111
96
112
204
57
28
165
201
62
143
156
186
193
40
48
206
139
157
113
2
51
13
200
73
107
45
19
176
82
102
23
178
54
24
103
20
22
101
47
127
72
18
118
166
150
172
167
177
88
108
5
42
6
205
49
90
31
15
195
12
188
58
163
189
181
175
187
71
106
192
120
185
87
169
137
179
52
174
99
14
56
100
173
7
46
133
128
158
171
196
199
105
104
55
168
9
36
134
69
123
95
159
21
115
132
38
64
190
3
30
0
97
76
74
79
16
140
207
77
161
130
29
121
27
89
1
138
25
33
34
75
53
67
32
61
39
154
203
78
125
144
68
146
117
65
191
63
148
44
147
119
152
37
26
170
124
80
50
194
83
183
160
116
198
110
145
8
43
84
92
131
142
164
153
155
136
91
202
60
85
162
