156
29
112
40
102
41
80
133
8
67
34
46
47
48
130
147
199
53
180
85
72
158
107
151
196
95
54
179
201
26
37
105
25
13
81
187
101
91
73
140
22
189
162
153
119
165
57
21
192
204
19
141
175
104
118
206
123
82
3
86
71
12
111
100
6
190
135
70
168
121
134
89
132
185
128
169
150
108
43
138
11
183
60
114
93
9
0
177
125
202
50
32
35
31
129
36
84
139
30
197
188
137
4
124
191
122
126
131
166
61
178
15
176
49
160
18
68
88
157
20
184
113
161
152
172
5
64
42
144
155
99
103
78
45
10
136
109
16
44
148
14
94
59
110
97
38
163
28
52
65
62
146
76
194
56
142
117
143
74
98
92
167
193
182
205
159
7
198
115
170
203
200
90
96
2
75
171
33
17
149
173
1
87
145
127
207
154
