106
46
202
146
94
113
163
126
56
93
133
96
16
40
28
197
36
103
45
4
9
48
186
74
117
32
123
101
176
141
53
162
170
86
116
157
145
198
30
118
54
187
175
203
11
12
17
75
35
134
189
179
110
131
147
49
136
183
158
6
161
138
152
104
192
73
77
177
207
174
206
90
178
39
165
111
160
98
84
200
60
155
182
88
42
44
64
109
34
121
132
193
127
190
185
173
59
87
22
135
154
70
23
51
47
37
52
92
63
81
112
68
58
148
76
89
95
159
43
144
8
143
69
62
79
205
151
171
124
122
120
168
128
129
20
166
149
199
1
169
115
50
78
67
72
100
180
80
119
15
5
21
7
38
195
85
204
105
65
107
41
33
164
55
29
114
102
91
108
31
10
3
130
172
156
139
61
194
82
184
97
13
142
201
125
2
27
