65
145
185
148
171
124
202
19
146
160
15
104
157
26
59
77
68
117
43
56
130
114
197
179
39
153
147
23
55
166
44
99
30
89
100
28
183
79
123
164
58
142
139
172
201
74
18
127
17
67
66
129
93
152
35
27
126
13
57
4
106
131
193
60
7
83
16
37
141
46
206
175
21
73
144
49
36
48
95
119
158
173
149
137
86
75
1
170
156
120
132
111
205
61
87
76
188
40
11
97
190
9
176
72
194
138
92
0
136
150
2
184
50
90
113
187
204
71
34
122
47
207
62
31
98
181
109
178
115
6
196
165
151
134
91
168
163
143
103
41
3
189
167
102
14
125
88
192
69
180
154
82
195
135
63
199
29
84
78
81
10
85
12
105
54
169
51
33
96
198
80
140
53
161
133
32
177
52
38
45
64
112
200
155
186
128
22
