16
98
144
155
10
199
30
90
160
154
89
204
201
86
136
148
140
172
41
179
107
163
162
207
97
52
66
114
99
156
117
147
20
102
112
88
186
22
12
137
77
91
120
9
118
21
70
153
4
196
6
141
11
116
84
176
62
79
69
146
171
174
71
29
42
106
23
133
115
26
149
45
17
177
170
103
96
139
164
46
121
18
33
123
192
182
74
157
108
61
122
195
184
39
151
85
8
104
48
101
100
178
175
38
165
7
135
15
131
168
167
60
187
76
28
31
166
142
3
130
36
78
13
25
188
32
145
159
94
183
24
40
129
58
203
150
190
110
19
105
43
53
56
63
55
27
125
173
206
205
37
68
152
51
50
34
193
73
95
109
65
87
138
92
189
82
93
181
72
47
49
134
113
44
83
169
81
191
111
67
1
59
128
119
143
54
180
