32
75
5
182
168
53
37
43
39
145
81
73
205
112
44
167
185
144
118
69
128
49
178
28
77
84
98
153
11
138
36
1
86
25
139
174
133
123
193
65
129
188
141
114
14
116
115
16
79
175
124
177
131
66
52
162
196
187
137
15
135
190
197
48
55
3
34
192
161
171
100
12
189
72
42
10
56
22
29
130
110
160
125
204
169
152
166
143
158
58
46
88
157
45
107
40
104
27
176
159
7
61
148
108
191
103
147
119
33
85
132
194
142
203
90
164
195
21
126
71
179
200
140
198
80
91
134
105
201
102
35
93
202
2
6
121
47
24
13
94
23
89
127
54
82
165
136
8
120
106
149
17
19
87
207
151
62
172
117
59
18
101
26
199
50
181
0
155
96
109
64
150
113
170
57
95
41
146
186
99
30
154
70
74
111
83
206
