196
180
156
48
171
41
36
184
90
164
77
122
96
86
4
207
142
199
109
200
134
161
16
116
201
183
69
138
75
165
108
186
45
192
9
111
51
187
99
169
106
98
202
176
55
155
166
117
188
19
94
127
61
173
11
194
103
2
118
1
95
154
107
141
198
89
60
56
167
8
26
128
125
7
112
140
136
71
131
50
23
126
13
178
120
17
59
91
139
25
31
147
137
195
43
172
57
28
159
67
46
182
174
85
32
119
92
158
135
65
152
114
12
123
144
70
88
151
34
3
22
110
82
33
53
87
160
83
81
76
133
21
129
0
24
6
105
149
115
63
197
175
148
30
150
162
185
52
205
20
37
49
145
153
193
124
74
18
121
66
168
15
189
97
191
113
130
39
143
35
80
73
84
101
44
68
206
42
54
203
102
38
29
72
181
157
100
