63
79
40
90
162
131
150
34
147
97
125
8
190
84
120
111
175
14
64
53
27
68
43
48
59
10
12
172
188
19
24
38
0
103
60
206
194
55
108
94
49
116
115
199
78
31
136
50
102
151
23
17
83
166
80
127
114
67
92
149
96
109
1
145
113
71
66
202
124
98
28
22
129
195
132
101
205
126
52
160
169
39
58
46
51
164
110
189
161
207
87
123
5
93
57
42
122
167
144
56
200
36
187
88
69
176
30
4
203
33
140
183
45
2
37
73
6
178
32
74
143
156
16
89
177
117
99
201
204
95
3
91
107
198
158
168
171
185
119
137
41
184
35
139
77
9
21
112
100
7
155
182
133
154
44
61
196
153
25
62
75
104
47
106
173
141
142
70
197
15
148
193
192
81
128
54
186
118
159
134
26
13
20
181
121
85
65
