116
161
138
8
6
80
22
2
169
150
111
126
4
54
159
92
93
75
117
17
154
140
137
177
193
139
11
164
188
121
71
207
148
90
91
158
109
170
73
157
123
76
34
98
94
89
44
186
100
13
18
48
146
197
63
81
130
180
47
42
202
112
19
168
201
167
65
122
52
185
97
50
105
70
60
199
15
64
79
55
145
1
25
142
82
26
107
12
118
85
181
133
77
14
174
101
7
191
173
175
189
156
27
147
136
49
129
53
59
187
78
3
149
16
192
84
10
166
36
204
87
56
205
162
194
39
106
86
23
69
95
163
103
43
37
119
195
128
124
9
132
190
120
40
20
182
83
178
151
30
58
183
61
198
29
143
131
127
141
135
200
51
134
33
104
172
153
57
115
102
88
45
32
184
176
68
62
35
46
155
21
152
41
96
125
144
24
