76
154
80
97
197
146
144
124
120
206
137
47
160
31
59
9
44
68
43
1
56
40
95
30
26
136
51
85
15
193
33
6
13
173
121
200
22
110
70
188
88
34
49
117
8
10
149
62
126
145
3
4
201
17
18
202
28
115
19
111
194
152
176
125
67
74
177
199
157
42
35
11
129
36
147
186
123
142
140
109
73
187
204
16
189
172
27
71
195
20
83
38
72
105
135
86
77
108
45
185
58
107
98
99
64
91
2
87
14
180
69
55
138
101
171
167
104
12
32
0
65
174
102
153
169
46
164
50
166
192
127
54
81
190
128
118
84
119
25
131
66
75
130
7
63
41
161
143
37
93
122
191
196
159
61
78
90
39
57
207
96
162
92
52
100
79
60
181
178
114
29
141
148
113
23
5
165
89
182
151
175
183
198
168
106
203
94
