164
115
153
103
123
33
104
57
100
25
67
175
94
130
150
40
24
143
169
116
118
203
95
71
139
163
49
127
120
144
102
199
41
126
147
35
145
16
106
171
187
180
20
14
152
206
85
165
78
204
207
36
60
122
80
158
188
184
27
68
119
12
18
160
30
6
9
134
110
172
87
58
101
156
193
23
162
200
93
32
138
99
148
96
4
54
128
166
83
34
121
63
205
50
113
157
159
186
55
167
105
182
61
86
108
133
196
81
114
29
10
79
202
176
17
107
19
28
89
140
69
178
65
15
135
90
137
47
37
64
44
82
154
7
149
84
181
185
201
70
132
38
197
124
59
13
129
131
198
31
26
192
91
195
66
75
97
98
53
43
3
39
42
0
48
62
77
112
51
173
1
2
22
72
168
191
142
161
52
125
45
194
146
141
190
73
117
