63
59
150
87
5
141
184
60
23
99
145
112
109
144
90
178
115
179
207
143
95
130
100
96
164
41
39
69
172
135
183
154
73
32
160
175
4
16
17
121
205
54
187
88
55
157
188
66
124
196
93
111
30
44
89
40
24
119
125
106
26
97
11
68
113
20
170
27
65
151
159
182
0
129
191
199
152
57
201
110
85
167
193
81
153
84
103
161
92
168
155
185
192
140
148
7
181
137
45
128
186
50
204
132
37
206
169
102
198
9
43
33
136
78
47
70
194
163
171
104
131
116
79
156
25
180
176
62
19
162
82
197
36
51
98
80
31
34
149
6
203
174
3
53
195
52
108
15
71
18
38
134
67
48
133
61
35
13
72
138
29
8
2
118
107
114
126
147
139
189
166
76
22
94
120
49
190
101
28
12
75
123
58
146
42
105
77
