59
31
200
119
186
40
51
145
191
134
68
112
17
1
10
101
99
189
161
121
198
148
84
117
5
93
33
48
128
30
22
94
43
151
62
206
7
76
106
100
27
169
190
175
113
82
154
67
123
114
97
173
127
111
181
133
170
131
165
195
88
203
72
177
64
86
196
146
13
95
162
194
39
102
14
132
98
89
158
70
57
179
120
202
73
18
91
32
61
109
164
205
96
36
163
52
155
77
66
137
87
53
180
75
116
25
42
45
141
34
21
142
136
8
80
35
115
28
122
153
12
139
144
135
47
192
11
104
199
81
60
63
71
201
178
23
16
168
15
90
172
174
185
124
129
54
9
3
125
149
26
37
182
56
20
130
150
69
2
107
78
92
159
187
140
171
126
79
74
83
19
44
157
46
188
197
110
24
103
41
156
147
105
29
160
6
55
