162
10
31
164
173
207
4
198
97
203
129
137
65
29
148
205
17
8
192
50
136
56
85
7
185
159
25
121
196
20
5
55
109
130
47
33
106
165
155
77
99
107
49
101
193
67
194
6
195
62
60
190
45
132
141
116
184
152
104
157
182
58
127
146
75
74
78
186
197
18
40
187
90
117
80
28
72
126
46
134
2
81
122
35
93
119
118
189
108
11
174
140
149
57
41
161
144
95
92
66
115
23
36
13
181
61
168
83
102
39
139
170
3
128
98
22
178
103
30
84
26
96
191
82
1
201
27
89
52
73
69
183
91
172
177
43
125
59
120
12
76
37
176
114
200
143
171
71
54
88
131
124
21
14
151
179
123
138
111
51
112
9
204
16
202
0
105
44
48
153
70
169
38
150
156
163
167
180
64
68
145
206
42
160
87
113
63
