133
124
14
191
155
92
162
32
122
98
7
11
207
45
205
8
174
42
186
129
41
10
1
97
175
116
132
125
89
108
5
19
130
177
167
52
110
109
26
55
62
28
134
118
3
34
77
114
84
192
172
179
194
148
105
181
80
152
190
169
54
25
193
176
126
15
13
161
22
50
66
59
43
160
2
60
76
196
183
127
65
166
185
83
204
164
49
67
153
56
188
121
73
139
106
74
146
20
104
113
136
138
157
141
99
58
35
61
78
93
149
171
46
96
182
198
201
102
69
101
71
38
68
31
94
33
112
21
86
63
87
154
57
88
137
100
140
131
147
36
143
123
103
151
184
107
6
150
178
17
156
117
200
165
16
44
187
30
23
202
111
37
95
120
145
90
144
64
203
27
12
197
81
142
75
115
91
85
51
195
9
180
135
79
0
47
158
