17
108
117
204
127
193
154
85
93
203
42
20
172
99
86
176
33
116
14
16
4
105
80
170
124
164
120
189
160
171
46
87
52
126
158
166
145
130
81
12
173
131
10
199
89
40
125
76
71
60
30
63
202
44
26
0
88
67
157
123
200
187
177
82
37
36
143
152
129
91
165
24
51
65
68
34
180
196
186
114
54
181
96
98
92
73
90
149
188
43
28
77
138
207
21
48
13
175
153
56
101
178
132
61
197
78
147
205
9
27
150
47
163
41
122
134
113
185
151
106
2
22
141
168
195
59
74
15
148
104
5
66
110
115
118
38
8
133
128
135
109
50
121
198
53
64
45
18
6
107
83
75
156
144
179
62
31
3
146
97
102
84
39
136
119
111
192
32
183
57
155
167
94
194
184
142
29
58
35
23
190
72
11
19
1
103
95
