9
110
136
198
76
156
86
185
148
84
113
71
190
35
203
205
40
5
92
114
18
24
96
106
31
168
7
25
78
67
187
138
140
135
201
103
74
58
163
3
129
11
155
142
197
82
21
173
34
141
161
108
200
180
154
204
157
169
10
112
162
193
77
181
13
144
90
15
118
45
14
95
80
42
27
150
52
184
189
199
48
102
72
126
60
124
62
172
123
188
33
2
143
53
117
88
66
105
59
178
196
165
151
1
206
115
46
47
131
153
32
175
134
20
50
57
73
97
28
160
119
22
99
179
116
70
132
75
104
54
64
174
182
38
29
120
65
111
152
19
56
121
63
122
186
207
176
26
4
139
17
12
109
43
61
68
85
107
69
89
81
36
177
49
194
202
195
192
159
128
149
51
37
30
91
137
16
183
55
167
98
145
158
23
147
83
125
