186
155
165
200
58
34
151
18
202
62
4
47
110
206
105
172
31
198
33
40
175
59
29
11
124
147
35
44
51
171
153
183
28
16
94
78
38
27
69
119
207
191
73
166
138
199
84
90
123
169
107
201
67
14
164
179
19
99
88
39
114
132
56
194
55
93
53
97
145
108
89
42
17
5
152
189
48
167
66
118
54
95
117
98
154
173
174
12
181
106
130
161
102
81
196
148
13
184
82
190
185
45
112
103
36
168
193
160
116
127
205
122
180
75
21
91
159
2
70
85
188
6
143
120
0
162
77
113
65
46
74
92
150
87
187
10
32
136
83
163
100
125
23
126
9
177
104
158
135
111
195
64
15
41
170
109
80
52
26
76
43
24
3
176
49
149
131
197
30
121
115
182
8
60
128
1
57
22
61
63
7
204
141
86
96
68
50
