646
514
433
441
354
193
561
517
305
546
388
520
647
41
539
542
629
348
160
424
163
667
113
484
459
173
328
248
318
444
686
565
603
42
442
395
249
401
186
338
541
423
185
549
540
439
43
314
432
464
278
35
129
207
480
325
623
497
233
400
626
339
357
663
231
455
665
54
566
618
371
217
195
490
451
55
425
29
124
92
595
240
235
624
33
610
57
72
237
293
346
551
612
10
677
74
427
681
115
179
614
176
212
131
392
649
447
652
508
410
670
631
457
501
333
302
556
596
200
503
482
261
598
312
60
485
555
586
445
463
673
530
177
283
617
664
651
351
450
307
365
372
297
470
462
79
101
142
465
585
622
449
202
544
154
232
175
621
344
182
552
198
138
341
148
272
317
22
327
289
429
380
349
275
496
267
242
377
206
635
679
676
12
254
581
675
570
602
492
504
418
50
228
68
619
345
534
604
568
24
477
578
192
62
394
489
653
183
95
104
634
656
421
384
51
411
481
367
660
4
639
299
426
557
5
319
304
415
628
559
47
505
409
162
294
52
453
66
125
428
174
159
141
213
545
538
620
669
469
419
518
662
413
684
303
408
222
165
224
132
437
405
23
402
352
34
121
640
14
654
353
268
112
46
391
243
687
37
276
21
398
260
456
536
161
11
127
77
574
298
336
674
107
387
286
204
562
19
288
593
479
9
258
638
63
516
239
507
642
220
513
594
322
308
376
67
397
381
359
323
271
600
385
678
0
532
575
90
216
458
605
529
157
156
285
291
473
533
590
20
525
625
300
301
461
527
435
588
641
238
257
491
230
422
169
236
363
310
550
412
607
466
164
406
493
280
126
7
16
181
682
26
180
108
661
15
375
671
329
370
320
337
78
203
98
270
3
8
39
89
27
209
515
523
205
599
167
342
324
448
263
519
416
526
71
483
601
208
608
393
118
499
440
214
130
103
311
152
296
616
178
194
373
252
382
49
668
567
487
644
44
379
196
266
606
102
135
226
295
218
389
259
93
537
632
672
560
136
106
120
61
133
25
36
580
96
680
334
2
558
149
274
223
399
82
69
512
251
70
150
190
110
76
144
94
227
292
6
495
75
100
488
434
53
609
145
366
81
511
171
460
498
123
137
219
244
255
645
386
650
627
364
250
87
360
443
210
358
597
633
139
486
109
284
396
688
140
438
166
191
84
648
321
31
197
573
65
572
256
554
528
38
119
569
246
189
615
13
471
30
18
343
548
340
215
273
45
454
390
99
80
290
335
666
97
332
40
151
265
146
262
531
637
587
253
306
524
225
643
685
85
553
576
229
17
188
105
313
494
158
315
184
592
64
269
168
659
591
420
563
91
417
589
655
468
636
658
316
331
73
201
153
613
330
506
474
32
114
350
472
369
547
282
414
383
374
452
170
326
309
221
