193
242
381
338
292
681
687
450
317
330
129
297
451
475
337
147
95
613
136
349
286
233
252
161
560
648
618
40
592
324
461
214
93
318
603
665
471
358
536
364
523
54
606
230
368
442
426
519
17
525
196
20
535
410
200
99
516
199
116
100
587
132
7
84
181
540
377
459
684
331
321
404
443
316
139
33
334
256
225
507
179
240
463
79
515
102
145
62
511
669
327
119
465
610
301
375
482
272
185
280
326
397
25
431
370
3
395
541
97
372
171
409
494
531
203
673
562
6
534
659
492
48
651
509
683
281
13
189
462
632
631
570
581
174
304
392
589
654
270
94
120
333
650
288
563
236
391
643
268
572
626
634
254
86
416
408
538
284
656
198
518
279
323
1
600
187
630
117
549
649
480
642
98
571
329
627
596
182
380
291
247
287
402
22
255
615
655
657
263
296
202
126
75
638
514
135
653
453
162
150
188
682
435
257
89
261
96
155
504
191
398
210
359
55
186
602
204
148
266
332
114
663
350
269
163
70
444
533
341
493
517
45
319
447
591
216
452
477
593
539
668
617
675
122
427
212
82
369
173
366
420
529
106
154
419
550
237
71
238
646
80
554
328
57
290
500
403
91
146
635
417
689
361
164
52
205
194
543
244
491
401
568
170
553
21
134
544
208
28
466
12
81
302
267
588
60
63
241
165
484
424
352
23
457
351
510
555
393
160
386
495
172
124
388
354
310
9
190
259
149
26
37
355
56
674
567
224
546
582
385
78
92
215
49
667
140
243
662
343
528
640
83
275
620
46
679
633
598
217
110
24
437
429
520
464
105
423
262
311
305
201
594
526
625
0
382
58
411
152
556
222
138
458
456
50
260
599
597
306
108
209
65
628
325
421
107
195
68
357
379
18
123
178
69
229
113
564
530
353
234
566
399
253
360
109
19
607
74
513
389
489
527
677
169
72
502
142
347
264
619
586
407
454
285
688
548
430
274
239
103
112
43
322
4
616
487
524
220
405
271
574
36
158
664
309
342
414
213
38
578
282
211
629
365
137
686
666
16
551
658
671
557
219
415
156
339
661
373
400
496
498
481
473
32
647
371
670
47
2
14
295
425
31
678
433
223
101
73
64
378
258
624
622
88
180
428
545
641
652
218
104
300
575
298
111
34
320
133
293
27
639
636
374
289
470
676
356
44
508
207
522
440
41
611
175
232
85
167
335
367
506
53
348
387
67
307
312
303
580
432
231
314
497
340
144
245
383
685
59
5
479
637
434
505
246
90
644
11
250
445
151
8
605
418
128
346
396
130
476
235
313
490
42
362
376
579
192
488
478
645
277
521
449
532
412
131
499
439
177
406
87
251
584
153
485
552
394
176
609
672
10
438
446
472
183
460
157
248
345
197
51
569
537
265
436
115
501
141
294
228
474
