528
274
227
523
0
30
114
647
588
272
35
254
651
28
289
276
319
657
568
499
436
83
214
26
478
162
305
146
639
562
395
107
44
517
377
288
148
586
421
500
516
239
98
89
491
62
356
321
363
244
655
374
399
154
595
346
527
414
183
231
247
310
383
553
188
79
663
638
77
498
300
604
583
530
681
382
477
115
263
317
336
484
178
490
10
587
653
222
474
569
644
169
524
164
545
206
127
316
561
283
538
314
25
373
34
605
142
267
64
209
607
420
78
599
134
48
594
246
390
394
590
223
82
467
398
446
532
24
359
400
235
230
52
485
173
584
42
168
445
624
251
306
554
493
410
660
606
161
59
335
409
328
636
152
322
92
177
361
308
294
479
216
344
252
621
2
93
688
552
649
204
66
245
293
135
11
567
459
452
609
122
153
628
487
626
104
232
253
211
376
262
229
212
402
430
680
302
205
190
86
539
423
676
166
181
413
297
480
466
273
160
144
27
73
36
167
53
296
389
132
193
371
279
573
280
347
475
258
175
435
536
331
243
201
439
506
282
542
440
465
237
61
270
559
673
677
199
598
570
46
358
197
482
8
65
311
637
497
124
531
287
368
145
326
15
261
501
575
158
353
123
176
602
593
240
367
364
87
180
451
611
425
195
67
629
332
686
277
403
643
90
343
185
224
329
268
548
603
29
679
427
481
529
75
242
88
555
147
630
128
291
184
417
473
396
17
266
351
525
640
510
533
678
116
460
119
632
526
130
129
22
666
504
284
664
537
5
412
6
489
578
419
221
386
99
333
448
471
535
591
43
683
616
521
228
217
648
163
18
342
313
476
318
112
579
372
558
234
556
281
339
502
203
483
441
21
126
388
141
100
192
303
659
444
9
512
97
102
494
665
508
63
85
509
140
656
218
38
450
669
429
84
357
334
220
646
325
69
275
139
101
110
405
560
393
327
622
574
39
207
106
596
671
612
51
455
391
667
72
292
23
149
375
248
109
151
422
627
105
125
668
76
19
610
196
438
511
654
463
257
1
468
642
324
143
159
650
249
108
341
352
179
635
600
408
503
91
571
415
564
45
563
633
401
492
613
120
486
472
619
309
366
505
32
652
225
520
138
431
264
111
547
658
285
315
60
55
685
40
330
74
219
299
50
674
259
426
4
418
515
360
16
540
349
150
670
337
404
488
233
345
278
495
458
546
631
514
198
456
424
290
428
380
312
320
94
544
549
338
301
186
157
464
250
255
47
174
155
625
226
340
58
57
20
519
689
518
432
37
577
407
534
513
194
645
585
442
469
172
236
581
384
576
682
543
350
13
641
256
565
165
182
365
187
3
362
81
33
378
71
12
572
453
457
541
582
215
470
14
95
241
620
608
118
496
634
449
433
687
675
117
662
348
208
507
137
295
41
286
661
7
