242
531
583
663
383
283
536
35
364
586
682
91
288
237
227
253
191
76
27
11
159
45
32
399
412
362
527
192
9
585
229
484
261
442
259
67
665
611
85
626
232
202
526
116
629
386
258
559
121
643
228
212
369
651
118
664
148
528
562
456
252
556
487
108
310
523
490
234
384
515
16
52
184
264
22
419
302
325
150
346
219
392
100
558
480
607
33
505
440
297
637
6
181
453
380
612
238
23
282
129
222
146
481
72
549
563
371
322
492
504
349
151
324
206
683
619
39
178
216
598
135
186
509
653
93
668
71
175
535
636
179
450
10
177
666
102
43
382
513
225
203
154
295
553
596
595
149
309
127
434
40
164
673
126
106
140
303
204
66
70
158
534
104
478
48
1
141
271
647
190
494
627
359
138
49
90
479
608
467
652
529
3
15
65
196
555
122
277
301
658
284
415
331
489
174
407
502
367
145
372
669
101
270
168
379
136
684
262
109
622
482
256
474
160
422
424
345
68
688
269
448
686
621
589
347
12
493
313
207
218
670
165
354
584
497
506
300
279
464
472
198
644
161
337
438
564
113
107
366
88
272
571
274
280
98
452
299
335
685
475
236
296
130
617
462
485
425
606
97
250
308
460
326
147
355
246
491
387
368
373
205
486
343
137
363
454
677
471
660
285
73
185
522
496
0
385
618
525
213
577
538
351
95
24
340
633
143
172
105
540
209
533
142
334
499
156
517
128
307
455
344
463
26
133
58
519
631
580
294
255
465
25
649
365
473
449
610
599
316
69
361
447
446
672
41
166
605
625
500
521
169
298
29
267
153
613
2
566
565
59
99
427
408
659
541
34
81
654
457
333
315
245
661
56
111
410
74
547
416
604
194
674
634
581
420
131
77
80
89
405
396
187
498
428
31
679
544
173
220
593
61
403
376
311
357
286
266
603
430
635
468
573
292
94
171
616
338
348
418
510
155
445
579
327
38
60
312
543
221
239
247
597
574
360
317
244
124
624
50
602
223
289
305
411
167
268
358
37
119
5
78
381
512
469
667
235
176
199
53
645
329
507
144
291
125
394
655
336
163
587
356
120
217
82
530
28
170
414
273
600
17
21
560
214
511
630
14
13
400
374
152
208
483
437
432
550
83
435
429
117
431
671
648
330
370
375
520
162
443
30
678
609
459
293
623
378
539
401
64
421
557
398
318
532
641
341
8
201
46
591
640
470
263
594
353
393
62
642
342
402
195
488
662
183
75
19
281
568
47
477
390
132
436
687
578
321
441
231
215
542
110
495
554
287
551
548
676
265
689
233
518
254
332
339
4
388
304
114
675
646
139
614
84
275
588
657
413
20
590
42
650
582
123
433
620
537
51
210
417
638
377
576
182
86
323
546
306
103
276
92
639
426
681
545
134
54
350
260
575
476
461
