523
25
146
237
161
451
369
35
92
579
38
594
77
140
405
198
301
289
302
397
442
297
427
18
522
95
513
570
376
503
525
446
349
372
113
174
36
326
0
295
493
9
114
649
274
578
190
209
325
627
310
201
584
429
428
679
226
12
262
236
424
550
308
193
219
217
634
484
278
648
5
393
409
61
290
624
361
248
633
224
163
335
400
342
609
107
16
252
437
82
517
134
30
254
502
283
149
311
8
452
660
86
80
504
212
371
593
213
601
277
293
508
501
183
333
54
560
49
613
321
264
439
596
390
403
368
685
387
548
125
356
448
357
602
136
47
328
221
482
581
682
169
666
284
265
408
81
496
87
492
494
459
365
68
257
497
532
244
249
242
542
53
179
164
285
306
191
273
557
421
282
574
148
206
588
440
127
14
530
592
63
399
640
645
70
467
380
200
67
481
406
506
210
341
17
345
90
386
34
388
464
352
392
433
46
621
491
85
642
324
511
123
48
329
93
182
623
432
619
444
375
108
112
566
11
546
137
118
616
55
319
597
637
363
687
626
261
62
331
436
652
141
416
286
204
600
625
101
194
172
490
541
220
184
549
211
253
407
610
131
471
374
486
476
223
500
157
162
675
23
99
603
670
267
667
229
24
561
147
658
214
521
668
524
379
547
580
575
689
677
622
684
75
563
337
420
672
233
377
671
488
322
4
576
509
52
216
661
65
208
281
135
636
343
358
553
300
124
88
590
410
572
232
170
567
45
339
120
228
344
615
676
235
396
412
659
78
243
559
469
20
91
291
519
240
19
26
60
166
105
458
94
42
43
313
435
528
538
520
263
89
178
384
654
631
207
159
533
205
181
460
478
438
595
480
558
351
126
552
72
635
338
288
644
31
531
116
119
554
364
334
139
639
50
381
144
586
104
197
250
98
312
614
404
665
571
245
13
294
457
544
138
630
153
385
688
316
555
225
477
56
102
323
258
653
39
7
620
638
58
266
76
100
145
398
360
411
489
27
64
366
569
529
83
473
454
292
475
582
152
202
218
618
663
51
317
132
175
156
641
441
362
483
678
680
315
455
568
378
632
573
423
260
215
510
103
259
299
173
318
539
97
129
57
41
130
556
662
66
276
268
29
165
545
340
367
347
394
543
187
462
534
664
643
155
28
447
540
307
599
303
681
359
515
536
472
189
154
115
59
121
551
373
461
465
453
353
587
414
195
79
270
422
418
629
275
466
647
499
246
526
402
280
434
314
150
309
327
269
10
669
516
44
382
117
32
15
608
417
683
431
450
562
73
298
192
456
445
389
2
256
646
84
238
247
346
413
330
287
69
350
199
296
589
415
370
128
227
96
650
320
234
239
171
535
430
591
122
518
485
332
598
355
498
383
109
617
167
158
305
419
40
74
507
168
279
177
527
686
604
241
