278
275
317
665
139
103
342
98
72
400
80
81
374
158
486
277
383
680
604
606
33
447
65
421
102
577
539
224
187
155
623
453
76
638
259
362
37
47
682
557
588
129
36
407
42
337
146
141
471
142
476
21
31
601
522
423
4
370
563
264
6
34
116
533
554
427
490
494
481
82
544
507
132
167
73
441
414
411
148
56
114
669
525
366
28
13
291
561
625
117
8
364
320
151
683
306
689
599
57
300
646
572
579
568
263
360
105
133
135
226
505
359
318
586
63
29
415
64
216
548
107
580
334
11
390
305
593
327
516
106
466
308
265
570
314
60
678
630
517
324
550
332
459
45
175
511
218
161
200
566
500
204
35
211
395
416
540
74
666
688
598
379
394
249
608
672
89
679
647
356
261
649
238
111
661
147
662
343
549
597
179
49
618
333
401
68
424
610
169
530
639
436
443
555
521
104
613
574
23
227
670
686
595
178
192
40
240
177
228
220
461
397
398
279
326
319
75
654
245
637
184
180
605
210
121
78
328
633
627
492
357
449
592
667
632
463
635
489
255
616
118
339
85
514
50
185
233
372
373
674
615
657
475
315
553
391
162
641
659
3
457
87
181
52
120
108
99
17
270
655
154
656
125
375
363
405
101
629
435
290
575
44
311
542
283
126
246
331
523
438
589
86
190
473
422
325
38
585
547
217
222
426
406
153
671
137
600
307
562
96
209
642
143
272
22
83
687
643
499
622
448
39
413
478
276
365
159
229
495
444
10
214
301
274
607
223
297
55
531
172
644
340
573
140
504
329
491
349
124
296
552
284
631
376
0
408
144
650
58
239
347
250
344
382
157
131
61
428
257
583
434
20
556
90
377
219
684
420
617
559
502
322
149
371
535
236
198
53
287
538
442
609
404
536
464
551
567
243
95
199
253
262
518
14
484
496
541
79
258
676
170
288
451
660
282
410
176
560
18
54
685
388
594
67
304
584
174
186
7
32
25
433
182
454
94
15
260
409
280
293
201
303
271
208
289
493
513
385
465
412
26
532
232
273
247
88
510
128
43
468
389
203
12
467
378
215
663
626
591
5
361
526
537
134
440
221
529
248
123
251
509
645
612
498
156
470
353
664
480
386
524
281
640
205
269
312
138
425
483
345
91
119
188
458
368
267
2
437
298
578
341
206
195
477
487
501
294
619
160
59
19
166
648
112
681
77
652
244
100
212
292
295
191
576
93
485
173
367
241
445
512
430
266
545
452
48
355
429
602
354
528
163
348
462
234
230
369
673
392
439
225
97
197
558
41
621
338
503
611
9
330
432
196
387
70
472
628
242
1
171
403
614
286
469
189
165
66
285
450
396
603
393
520
136
336
310
84
69
207
235
419
92
527
474
456
183
309
46
482
27
636
569
590
564
323
431
335
417
237
152
110
