607
639
289
141
602
411
209
380
542
368
558
585
238
430
230
271
433
39
50
286
259
114
137
5
18
144
2
326
372
63
81
523
603
145
584
612
683
404
174
415
334
202
350
301
338
449
117
596
497
641
309
428
292
148
134
579
444
470
464
30
371
72
162
298
284
574
675
138
46
14
339
79
109
76
438
186
418
632
269
516
627
687
128
417
311
233
460
199
48
299
250
212
434
685
214
64
319
586
634
268
420
228
383
422
492
158
653
60
235
23
494
351
406
57
394
504
44
342
40
562
307
303
429
479
152
151
102
55
543
646
435
93
196
252
267
88
208
130
398
273
455
465
194
495
662
490
405
432
322
397
463
655
440
26
243
173
548
56
566
75
325
35
564
234
108
296
468
211
90
315
328
451
659
577
160
16
377
10
166
101
6
33
530
591
283
104
559
364
436
496
518
324
597
356
89
621
524
247
467
316
218
126
515
461
153
382
487
480
155
452
569
239
167
614
652
337
551
608
392
257
45
100
491
313
678
571
587
287
7
187
96
24
111
369
674
124
190
631
280
348
535
276
446
442
423
237
80
682
570
103
77
219
168
146
425
207
272
373
67
636
628
486
58
386
616
78
15
32
249
361
99
84
573
525
121
630
477
86
164
242
172
686
91
198
399
378
92
321
221
671
241
650
210
341
370
598
47
459
620
681
201
408
8
458
282
388
657
581
622
624
539
270
222
355
28
511
680
583
563
528
349
469
684
441
661
677
240
476
395
379
329
550
400
676
556
665
483
592
258
204
51
182
457
594
136
537
359
85
565
517
106
139
512
642
255
601
589
262
367
98
177
396
295
375
580
623
475
20
666
149
546
9
53
323
318
376
119
113
346
294
513
545
466
236
291
52
499
264
17
330
161
261
412
526
531
38
493
521
69
227
43
532
578
150
288
506
544
244
12
165
648
473
619
536
360
302
159
336
42
507
331
13
327
112
547
471
358
3
184
260
304
363
501
519
74
254
617
656
65
0
220
245
561
604
36
520
618
679
120
625
61
107
669
439
673
31
482
110
553
11
312
135
644
484
116
508
193
195
509
185
251
73
670
664
668
654
599
83
131
192
502
306
143
203
384
94
256
293
534
157
555
122
216
353
552
606
609
183
206
456
568
595
133
70
191
588
188
572
266
576
663
335
95
226
498
365
310
41
179
333
419
246
402
500
29
567
626
224
610
643
66
4
357
401
231
427
285
278
413
488
478
21
651
667
189
633
689
554
154
290
672
156
105
178
200
127
169
82
171
300
688
279
410
352
560
1
37
54
176
453
474
265
62
366
541
510
582
421
393
605
225
320
431
638
448
414
611
437
354
197
387
557
374
205
426
87
389
391
472
332
27
416
615
503
645
163
489
274
629
297
514
593
115
49
647
59
314
217
125
533
248
