385
222
656
466
229
407
470
426
371
74
437
658
551
373
486
233
197
163
352
187
535
219
645
508
393
96
171
455
642
579
173
254
55
444
452
53
296
537
454
99
88
10
210
156
409
429
634
612
447
415
604
33
474
534
507
150
121
392
538
501
261
341
567
316
514
258
403
597
124
179
115
272
298
632
383
282
433
359
202
678
283
358
300
617
125
510
116
506
157
205
390
353
616
143
636
223
459
35
82
662
550
79
274
657
72
479
487
289
138
93
627
71
84
465
14
638
131
528
226
209
119
169
46
301
285
158
200
130
256
148
177
196
250
147
120
541
576
688
370
640
364
439
328
330
585
354
347
70
302
95
234
24
194
683
492
630
667
666
203
445
235
420
39
564
111
593
242
20
380
199
322
496
400
548
386
65
539
626
520
325
315
595
47
340
542
28
421
266
603
215
217
21
90
663
310
240
332
414
4
668
408
284
376
311
249
618
575
476
670
574
644
674
394
467
337
126
500
441
23
469
92
524
135
81
516
101
468
287
518
128
669
80
251
436
398
195
589
304
391
689
623
443
381
591
483
568
631
527
569
213
633
206
118
255
573
77
259
129
204
227
170
277
363
491
86
137
641
607
397
681
291
221
388
324
355
428
306
308
67
562
61
581
166
276
423
184
453
598
665
473
183
238
313
58
140
525
134
49
582
544
677
290
107
553
360
431
651
343
521
165
502
51
396
621
185
303
280
513
512
536
484
231
146
264
529
608
154
64
239
232
594
503
365
8
257
6
334
419
214
237
211
485
629
271
309
375
384
648
448
686
262
293
281
654
457
561
25
387
161
522
583
405
395
480
664
267
368
660
113
144
326
540
478
404
167
87
559
625
628
643
41
110
345
314
609
98
653
174
481
346
619
252
43
13
498
650
339
556
37
463
684
268
320
17
611
122
192
208
44
460
382
488
30
427
139
26
424
279
675
519
278
243
557
418
247
402
198
188
482
494
647
687
189
472
509
613
60
614
338
180
637
615
639
105
554
517
440
312
635
357
220
606
505
59
228
504
533
342
273
190
499
75
622
449
602
151
531
63
490
442
464
36
127
372
89
546
438
7
292
265
379
155
288
1
331
361
141
475
580
377
532
461
425
450
335
32
263
62
333
201
178
297
9
108
5
172
489
136
526
685
401
186
45
2
515
162
321
323
305
15
493
652
590
661
413
160
348
112
399
578
389
104
76
193
673
378
133
566
225
422
367
270
545
168
52
680
11
649
182
350
497
601
462
577
181
56
586
592
318
54
620
94
410
327
0
38
269
555
16
50
646
605
587
411
145
216
191
18
241
34
432
406
152
349
588
176
572
244
319
369
434
117
676
236
549
430
57
477
114
458
558
175
495
600
294
253
248
471
91
159
672
563
286
596
19
12
679
100
356
246
344
