118
414
116
216
142
494
563
135
689
73
227
84
139
302
592
188
11
328
41
645
569
71
529
428
605
124
506
348
644
265
160
495
150
208
333
556
541
187
70
338
221
673
309
97
676
353
288
450
241
532
19
155
337
687
546
355
220
672
43
387
205
264
10
469
315
7
427
163
501
347
669
446
179
557
350
170
330
410
591
601
481
175
287
225
580
621
435
570
453
531
380
29
44
542
109
181
609
189
586
367
568
111
657
434
285
590
291
449
422
2
512
204
26
259
212
423
649
9
100
487
335
490
579
230
686
343
502
618
545
674
612
653
195
342
629
80
290
236
196
257
366
475
151
106
517
202
235
358
426
421
153
511
276
193
666
25
31
364
125
18
104
589
336
566
218
610
654
430
394
314
627
482
466
128
443
60
633
643
504
20
483
439
32
72
50
310
539
396
171
48
407
577
415
588
668
289
226
440
395
613
199
607
619
96
201
518
486
683
115
165
303
132
417
211
660
74
409
98
655
277
334
489
576
445
62
622
527
437
292
136
86
58
354
617
207
242
454
129
632
467
272
53
158
514
145
318
214
572
107
626
600
521
635
147
550
119
33
15
114
46
263
401
664
210
604
379
317
362
678
533
52
503
39
455
420
219
28
126
54
85
393
169
254
573
461
176
36
127
581
56
69
468
474
507
457
363
465
438
247
173
185
182
462
63
505
614
49
200
8
17
388
677
294
271
180
650
400
255
229
680
42
356
374
675
403
156
102
224
385
231
688
553
373
301
558
411
575
248
47
319
332
634
378
537
582
223
313
642
331
488
369
682
260
406
92
68
361
480
77
37
327
624
623
470
267
112
360
671
101
477
662
133
447
594
583
408
670
536
574
554
284
27
191
203
381
525
269
64
499
108
320
246
162
402
190
120
391
192
416
547
442
349
82
383
307
258
76
251
551
646
55
206
498
122
665
93
560
544
261
679
161
16
312
300
519
593
520
652
376
5
375
121
113
253
478
578
351
433
144
365
509
134
268
24
444
140
305
371
667
497
117
399
492
345
110
306
215
324
286
197
282
34
523
281
35
166
298
685
641
91
146
339
648
87
471
628
651
213
392
647
233
459
432
419
587
681
656
441
500
6
346
463
384
94
368
631
460
45
89
639
606
245
88
370
377
413
280
429
75
640
316
326
611
30
304
340
275
270
143
386
198
425
549
404
508
562
451
530
513
510
476
183
637
95
535
59
548
279
274
51
595
390
424
172
78
620
256
79
565
38
103
131
278
357
308
154
684
23
40
164
526
638
493
599
528
485
209
167
597
57
322
178
561
431
1
515
538
616
625
297
484
252
418
148
90
243
603
559
83
237
543
496
293
564
458
534
352
321
389
239
3
177
584
222
234
4
596
238
522
540
138
123
273
405
311
22
283
636
249
99
21
