203
272
193
662
60
537
645
484
245
518
456
528
432
310
312
266
505
192
450
283
667
198
161
130
263
157
37
19
378
562
91
529
520
169
546
3
80
379
100
71
555
292
132
485
311
422
435
57
339
547
608
48
268
678
462
584
252
152
177
204
659
0
251
604
617
280
383
480
398
248
36
491
101
507
246
488
579
212
93
138
255
481
487
650
512
122
309
525
109
647
677
384
538
102
343
124
288
88
301
346
661
30
108
676
44
118
113
424
341
439
540
110
181
321
423
376
531
519
391
65
302
223
428
632
111
359
342
536
171
606
539
622
350
365
227
443
559
168
626
162
115
167
290
338
631
75
182
509
614
364
513
452
366
224
595
201
684
159
390
593
259
116
229
120
356
63
51
663
190
429
194
396
133
453
566
186
81
689
674
142
305
324
375
56
240
304
79
600
40
119
526
658
107
591
362
303
571
258
128
153
12
66
503
289
73
516
143
397
521
49
502
225
351
87
206
144
163
236
47
98
412
373
352
325
231
527
15
196
427
496
131
222
408
686
665
610
215
135
643
543
361
561
414
522
680
22
653
386
460
514
195
553
267
94
382
625
620
404
612
270
494
147
336
426
58
330
46
239
603
45
27
504
126
464
297
33
409
287
446
90
616
277
262
688
500
148
298
489
78
585
475
35
587
470
569
6
141
673
219
570
24
216
269
279
624
202
221
436
82
657
8
241
335
368
401
149
273
431
247
275
664
197
377
573
399
62
574
315
230
253
417
642
358
369
493
154
572
670
96
188
189
402
150
675
434
176
313
41
357
99
403
185
360
70
497
208
83
294
250
76
228
389
517
4
451
92
173
588
672
419
319
334
442
421
637
649
541
592
353
200
349
249
327
655
123
605
478
318
544
447
687
355
651
590
477
211
490
395
244
166
274
205
671
286
392
577
220
410
34
85
234
156
331
291
679
558
454
400
652
644
638
265
380
20
14
67
21
685
633
264
535
623
393
444
471
53
213
347
74
329
140
146
323
158
134
103
9
534
363
10
406
560
621
461
314
465
563
114
596
501
598
669
104
469
370
556
498
635
125
371
407
170
611
495
646
416
499
586
29
139
299
260
438
473
165
333
589
226
418
105
180
191
348
306
668
232
55
482
43
660
372
284
183
285
510
320
317
86
242
17
532
430
209
145
413
254
394
207
237
28
345
52
641
340
575
457
175
300
459
615
552
235
618
630
549
597
613
463
639
326
602
634
583
440
59
13
129
387
523
683
26
261
322
441
515
628
554
256
601
607
307
72
257
214
2
278
328
648
367
564
381
479
557
581
117
533
5
210
466
217
344
599
445
136
11
174
332
568
411
629
25
54
68
233
84
415
64
187
95
151
511
666
388
137
172
530
405
455
337
594
542
179
374
609
636
160
50
112
7
32
238
