620
513
269
135
534
395
522
212
81
189
165
103
201
361
127
313
120
654
2
339
222
251
473
608
104
196
601
0
378
246
138
172
39
609
131
593
307
260
671
109
59
288
314
632
466
512
155
588
240
645
550
100
457
10
462
668
530
626
599
358
338
424
3
1
156
76
356
289
444
33
242
327
574
224
94
450
150
558
611
61
420
91
291
521
531
245
88
638
359
256
419
236
101
355
65
333
35
83
689
71
211
181
364
527
487
479
230
148
569
152
409
639
539
536
328
538
132
178
562
323
69
491
161
505
486
556
14
546
535
209
220
417
648
123
284
29
528
292
678
509
563
471
330
17
308
679
577
392
158
672
603
441
6
153
337
353
287
371
139
266
171
341
177
170
661
278
24
500
46
312
646
385
324
686
552
40
616
468
108
184
238
401
36
85
422
357
418
651
423
259
497
416
458
346
502
387
682
160
329
227
624
628
151
372
344
13
666
164
290
541
379
343
579
404
231
469
605
413
105
399
142
494
629
557
317
226
687
257
354
391
514
613
380
490
48
525
421
45
516
206
124
642
598
316
545
188
623
310
96
515
663
130
463
442
185
602
203
279
74
448
252
82
154
320
27
667
30
566
425
32
568
447
630
578
496
37
304
136
584
660
493
258
282
478
482
517
440
431
475
309
433
366
22
488
655
656
537
375
410
216
575
270
398
64
303
112
456
559
19
676
267
318
200
232
533
117
382
362
187
114
42
163
377
66
254
389
617
405
453
474
295
301
555
335
647
106
141
217
430
570
470
549
511
520
183
443
25
349
452
321
373
582
461
685
618
110
636
21
681
87
311
498
146
523
445
92
191
481
374
435
125
625
658
223
454
610
540
477
263
280
659
510
348
400
53
394
438
207
564
43
334
229
15
427
4
518
325
233
9
397
51
265
58
641
561
79
673
591
643
393
276
437
144
221
143
11
297
234
302
286
67
134
199
640
365
414
594
439
332
612
634
614
23
70
275
411
597
241
368
436
524
499
239
296
406
41
129
102
115
250
264
57
47
253
179
485
483
680
149
202
664
606
68
644
388
390
205
451
272
342
370
111
186
554
576
168
182
583
635
415
77
99
580
340
403
688
381
551
116
596
195
55
319
175
501
460
336
542
204
495
95
649
243
670
93
367
174
176
476
480
255
75
412
573
137
12
159
56
347
615
627
369
567
396
589
90
622
363
465
193
228
637
166
145
360
190
198
484
675
268
352
26
402
467
581
529
237
621
674
293
306
384
225
244
107
590
28
126
592
50
652
210
669
86
376
121
197
78
194
18
665
657
62
247
544
294
298
455
140
507
7
565
261
532
547
34
285
526
492
571
449
20
553
208
587
662
519
133
595
633
213
586
5
169
446
326
167
434
38
214
428
97
147
49
273
351
300
429
432
271
653
