23
337
124
479
543
603
427
430
452
350
44
201
134
624
480
656
65
258
667
425
120
579
89
194
620
117
284
240
417
234
577
619
4
156
406
687
18
520
450
74
569
170
72
165
432
93
56
597
605
329
270
27
610
459
602
187
232
152
132
495
481
138
327
599
525
241
448
411
633
216
559
307
57
31
111
215
86
583
374
384
420
17
400
673
193
326
496
310
474
318
66
471
650
390
415
7
154
371
389
123
16
362
131
668
475
514
538
301
473
291
208
573
344
279
487
585
107
200
545
226
671
175
394
601
126
75
368
527
502
127
289
314
95
351
222
413
169
130
485
87
76
40
483
303
97
516
9
247
588
423
447
173
2
236
90
113
396
272
313
680
47
364
659
653
306
6
253
285
501
218
171
421
211
205
320
679
591
349
41
621
242
522
102
14
666
646
379
587
393
535
662
195
618
548
135
395
287
275
499
199
78
445
346
439
12
105
54
461
278
466
414
96
676
586
140
684
523
181
353
161
639
273
237
32
251
52
185
268
348
663
632
468
491
304
341
410
367
584
328
22
20
562
24
443
629
116
191
5
335
108
224
508
460
617
404
654
370
492
555
271
547
177
540
537
3
615
280
429
38
408
292
70
652
207
256
29
8
45
557
48
564
257
118
186
43
426
249
204
572
119
212
575
312
198
172
213
561
197
106
592
581
223
359
521
229
77
596
664
178
484
440
358
263
637
383
99
316
442
635
645
363
377
342
357
206
180
311
340
544
563
235
553
360
403
688
412
244
594
570
109
55
231
574
137
36
325
486
26
277
677
477
444
294
192
567
464
128
225
332
79
144
651
333
566
121
657
345
239
1
67
683
392
33
290
431
331
190
309
672
565
61
549
513
295
397
401
636
661
125
678
528
373
220
321
658
493
148
300
147
166
482
454
375
37
282
366
558
595
598
50
428
568
600
500
372
576
110
145
183
264
449
299
511
92
539
398
164
409
155
209
203
136
202
347
354
593
510
60
243
85
189
418
453
524
122
81
149
560
365
436
267
250
141
382
184
114
626
297
98
315
182
391
260
10
158
142
51
612
642
94
531
246
627
21
13
46
641
689
82
649
196
153
490
458
338
104
463
476
112
261
168
616
554
494
63
580
151
551
42
422
674
648
330
669
265
69
139
133
378
465
227
630
470
254
497
91
435
582
339
387
467
11
210
53
469
386
162
129
613
498
589
509
188
167
628
670
103
608
489
519
515
71
356
606
542
269
682
529
248
607
59
319
644
281
159
276
84
441
614
28
322
451
503
302
640
288
252
259
518
571
505
506
88
49
546
534
638
343
286
83
424
416
0
533
457
385
472
245
176
634
512
536
262
438
361
219
115
399
336
324
434
609
30
665
685
530
407
238
308
296
532
293
305
146
380
625
274
578
478
623
15
