119
49
0
266
130
9
603
421
558
202
607
653
482
604
434
297
676
439
339
32
177
120
219
170
347
568
106
483
269
66
613
667
139
140
97
557
643
154
310
91
605
684
175
78
462
378
380
13
587
388
298
619
562
16
370
157
384
602
11
45
155
678
545
416
395
69
260
417
123
633
582
284
351
543
480
440
226
162
661
214
183
325
52
632
397
93
496
239
295
56
532
243
565
418
504
233
180
583
1
5
230
491
79
407
63
259
234
198
172
404
467
549
379
485
489
628
305
429
51
122
518
272
542
383
329
567
494
296
80
8
623
685
278
689
372
192
22
37
591
508
564
110
189
627
273
618
520
15
317
55
127
105
501
330
401
381
413
182
688
487
497
152
4
578
42
70
209
83
12
92
315
197
38
256
463
500
220
138
90
14
161
569
101
513
464
206
541
585
248
60
535
324
361
522
6
196
599
35
236
294
393
47
580
505
179
301
348
73
365
400
411
669
178
193
334
601
523
231
385
263
147
111
31
371
50
492
343
103
88
581
21
247
399
362
81
86
254
338
160
553
666
597
575
57
621
200
459
40
423
169
228
359
389
36
258
46
218
447
649
150
529
201
410
624
662
322
594
376
586
525
637
327
651
638
190
288
515
39
611
498
446
77
536
108
313
644
438
113
203
98
550
655
680
468
650
321
10
94
510
451
54
673
577
289
471
67
166
435
664
95
275
538
360
660
335
475
235
268
368
445
17
96
100
270
670
631
571
246
517
341
484
426
502
224
102
211
391
539
250
148
519
425
641
476
547
141
412
167
537
442
116
109
215
48
25
420
265
625
556
488
551
469
646
652
212
257
149
41
164
134
600
576
596
87
366
216
253
72
280
308
566
137
574
290
406
526
29
636
75
386
683
540
309
252
453
610
188
186
207
174
382
533
454
135
645
427
303
548
408
396
332
402
495
672
560
125
354
184
312
287
44
478
33
115
132
165
514
617
26
277
555
68
319
104
528
437
527
472
195
570
181
30
333
609
240
648
516
143
292
23
222
563
18
241
126
572
146
151
53
74
642
156
598
432
264
444
153
428
686
373
285
387
340
681
255
185
456
458
168
431
465
424
531
521
503
561
163
512
573
299
677
499
145
158
107
27
355
682
350
620
337
470
267
377
634
304
262
449
82
249
291
614
302
205
588
320
356
225
455
430
584
274
639
336
524
589
559
223
213
311
450
554
656
663
124
486
415
331
419
616
658
659
65
390
131
414
657
460
176
608
217
85
490
276
300
479
544
606
630
443
84
506
282
118
61
283
687
238
232
530
316
629
208
199
461
592
144
448
24
626
546
64
114
204
244
245
671
622
367
364
409
457
342
121
293
128
507
20
281
323
345
477
136
374
668
112
318
159
7
398
375
346
314
436
579
647
394
43
210
271
58
