666
520
681
23
65
339
56
394
47
358
442
299
414
274
676
261
670
161
400
255
419
304
233
422
189
440
101
486
8
172
575
85
19
459
443
139
74
663
435
410
473
343
307
415
436
687
84
550
619
57
602
59
92
35
247
201
568
314
41
60
134
16
248
360
501
218
0
173
69
598
111
66
402
118
557
257
608
368
581
81
293
686
13
120
551
625
507
455
104
50
61
601
241
224
510
312
603
428
480
223
647
377
546
607
76
571
132
549
684
496
382
207
68
245
623
34
185
117
597
488
528
301
639
349
524
159
516
119
82
547
467
305
107
17
180
259
345
45
148
353
378
11
88
372
355
385
214
565
285
121
49
674
333
578
448
181
187
626
638
116
262
530
95
354
636
479
439
620
62
635
432
506
135
396
417
552
277
622
655
90
465
29
352
374
445
286
500
632
429
629
323
160
430
329
103
464
146
544
362
165
273
80
335
540
654
195
3
527
9
423
677
318
487
179
386
242
412
350
311
365
289
392
197
40
397
538
5
268
589
570
361
38
438
587
364
667
310
162
67
124
39
4
33
539
147
660
472
610
599
408
99
495
31
236
493
458
306
347
483
680
331
404
186
373
637
260
447
200
656
78
494
42
133
555
559
250
650
371
519
192
433
346
567
643
379
426
157
474
437
662
517
102
52
453
334
341
97
482
128
177
110
658
425
657
560
142
553
6
267
592
237
427
58
232
628
563
203
457
284
375
2
612
217
46
661
225
18
168
484
292
577
573
518
328
283
529
600
363
93
213
258
337
291
411
106
115
533
685
395
36
441
383
204
244
221
246
591
545
491
351
249
122
683
164
585
556
566
239
83
446
295
579
70
421
388
98
406
651
359
30
340
525
127
574
1
399
27
89
308
73
184
171
463
543
521
434
91
481
370
593
125
672
315
376
12
594
452
689
504
238
114
590
309
409
143
449
14
648
54
208
344
131
380
174
541
191
270
407
460
123
138
630
51
220
112
265
498
272
342
256
182
105
300
679
523
240
230
153
326
205
512
294
150
156
163
167
535
206
188
511
324
145
502
226
216
194
202
298
669
614
537
526
79
389
554
175
618
94
229
509
280
531
403
522
228
100
290
613
444
366
652
53
227
391
665
688
154
251
275
499
671
475
158
271
44
678
673
113
24
211
108
320
169
32
109
136
330
222
28
287
55
605
617
48
675
477
63
413
384
609
322
451
234
462
424
604
303
606
219
596
296
21
420
325
199
450
137
536
212
664
642
631
505
558
231
405
317
183
611
584
485
278
20
170
401
634
176
327
198
470
576
266
492
130
338
582
489
572
193
140
416
476
152
615
10
269
96
210
682
569
548
649
532
641
332
75
77
263
149
640
514
646
469
564
461
253
369
321
151
302
190
586
348
243
87
624
418
288
166
595
644
