208
172
649
438
247
560
98
411
269
42
222
346
513
80
184
17
629
549
248
16
500
449
9
116
258
151
445
647
557
470
489
514
392
154
466
475
661
383
243
206
656
91
336
331
226
607
73
448
60
638
71
676
550
664
47
619
318
615
650
471
401
261
276
394
296
474
671
123
643
495
566
200
20
504
601
527
359
40
14
48
478
193
658
156
264
459
612
227
280
343
358
663
431
432
308
590
372
684
646
143
0
150
196
366
388
641
672
454
287
380
108
635
283
412
444
424
249
360
67
223
369
34
230
651
305
241
604
271
455
644
439
166
446
24
418
299
577
303
385
266
28
636
600
683
430
611
551
113
324
417
219
472
328
379
429
387
175
680
285
70
326
291
580
594
567
602
147
74
622
544
153
486
5
66
110
115
270
38
450
677
133
128
679
141
397
311
50
639
263
274
330
64
662
18
534
107
553
575
558
144
234
62
281
485
168
620
582
413
97
480
441
453
136
569
188
204
192
506
215
179
111
503
32
329
352
155
535
94
405
304
491
596
58
524
306
250
579
562
465
1
103
559
682
556
216
593
327
374
210
633
572
209
361
623
254
286
457
410
140
191
488
687
162
267
493
451
443
112
608
96
632
262
84
571
348
668
220
396
99
217
293
170
126
185
189
382
678
570
235
400
530
479
10
131
301
59
536
539
21
581
164
576
371
105
239
685
521
669
13
236
218
538
315
289
670
142
245
102
92
309
27
52
390
595
268
592
316
353
190
238
515
469
2
183
368
606
406
88
583
313
114
657
510
497
516
257
335
117
171
288
624
178
57
531
605
407
492
355
221
244
198
526
462
618
54
543
423
404
181
211
686
652
120
630
161
367
246
473
275
494
212
233
207
152
597
319
378
381
357
425
645
545
542
273
163
12
202
109
174
43
61
68
640
363
69
345
548
627
292
23
49
44
295
518
93
159
384
149
555
501
631
176
30
347
393
565
433
55
563
354
145
414
252
484
403
339
187
561
350
420
637
389
460
349
654
610
402
564
87
482
8
100
6
39
422
297
127
79
224
447
101
340
203
589
237
19
334
681
290
529
90
509
586
365
463
46
314
122
322
537
673
167
256
284
522
31
628
546
199
458
648
312
278
603
540
483
320
512
520
37
356
655
609
464
364
56
675
499
282
578
511
428
395
231
323
53
119
11
660
547
554
613
279
132
674
585
325
63
519
33
129
201
573
22
452
342
442
416
242
468
568
298
599
496
338
260
36
588
253
373
376
477
75
83
302
51
232
616
362
95
541
125
517
481
642
272
461
440
505
344
158
259
169
130
160
591
490
89
502
72
351
186
3
194
621
399
165
86
614
436
625
341
375
137
41
665
666
377
35
139
688
265
533
467
487
225
659
255
667
437
300
456
106
409
25
574
587
427
104
81
398
