529
22
557
301
235
346
66
60
438
673
507
385
329
686
74
479
106
29
584
287
442
350
598
293
510
242
261
257
600
314
512
17
527
292
591
109
286
175
239
154
583
464
625
511
107
445
26
71
478
336
428
273
324
441
373
250
519
419
358
205
650
533
447
605
147
492
646
39
494
227
551
19
667
509
335
482
364
589
215
472
497
47
327
229
174
380
183
674
148
586
347
415
554
270
150
553
267
195
688
444
641
361
413
129
514
132
374
251
190
649
23
141
83
14
245
489
31
9
635
676
340
475
63
224
35
243
370
59
127
393
656
34
669
671
546
647
542
342
153
151
375
15
311
162
403
82
401
334
75
217
338
113
317
90
430
115
43
515
177
268
303
484
366
168
313
408
309
64
230
394
199
279
69
139
10
333
436
76
12
685
318
508
622
325
105
214
200
563
189
27
466
659
41
263
384
363
387
687
98
234
558
627
596
218
203
454
607
167
155
448
343
550
97
376
186
219
381
306
463
540
570
50
429
32
136
498
355
283
632
382
651
288
386
623
345
486
143
117
677
73
58
637
595
123
405
70
77
108
13
360
402
516
316
579
615
103
543
213
182
617
404
603
532
582
349
372
354
630
241
493
587
271
368
11
337
5
547
639
72
525
435
142
216
53
178
133
302
258
193
502
330
198
233
55
400
353
443
96
389
391
307
467
260
48
422
450
377
253
434
628
426
6
341
262
504
526
456
65
45
176
640
462
86
564
590
172
282
388
28
440
304
44
661
575
294
648
577
223
201
396
390
418
665
321
392
663
599
352
684
131
94
437
56
471
226
247
662
530
351
140
574
163
602
423
417
204
240
78
42
79
331
680
30
93
144
298
319
446
520
277
476
3
228
300
252
322
20
568
266
138
474
689
145
326
344
561
191
539
149
284
379
362
624
116
681
501
84
439
506
569
655
367
38
395
487
572
460
453
537
431
614
636
359
559
459
101
259
433
518
658
616
61
499
62
159
528
409
473
645
130
134
633
114
278
152
276
323
365
664
49
576
483
68
538
481
531
643
244
299
119
328
490
196
634
620
37
657
254
184
238
280
125
255
357
165
500
562
169
451
672
310
517
305
202
410
124
427
503
612
220
573
135
208
179
545
156
412
611
597
146
122
248
356
468
666
626
593
642
461
99
668
549
0
180
4
91
85
157
495
291
170
21
181
407
194
654
18
534
399
104
264
209
102
670
513
544
81
369
496
465
164
281
312
25
411
371
158
683
207
92
592
524
290
469
629
95
621
315
197
606
420
295
232
339
425
249
160
16
485
608
653
121
523
2
571
619
187
652
33
565
505
491
566
406
222
421
455
80
100
54
231
320
578
87
522
67
449
424
567
644
541
246
275
580
236
555
613
521
166
51
535
211
679
618
1
137
480
185
210
552
348
