459
253
601
688
470
13
224
312
630
21
586
602
579
624
71
178
270
205
49
66
494
11
31
647
212
223
137
402
361
319
372
279
301
265
100
463
680
119
189
230
277
349
328
252
191
501
600
644
589
404
281
576
396
344
185
542
684
106
289
79
288
367
126
350
539
242
291
687
196
187
661
533
654
646
240
77
19
92
1
105
414
450
131
194
109
426
311
512
251
560
138
275
456
451
338
241
26
609
261
353
513
510
626
179
231
578
422
390
373
276
141
262
608
388
649
448
283
16
622
493
165
321
7
345
111
441
420
682
217
472
331
597
672
317
255
677
642
476
290
341
216
369
358
557
181
33
410
425
591
614
540
652
38
566
220
384
91
337
107
531
689
374
443
90
571
115
307
403
627
449
401
9
351
197
492
478
183
8
89
125
237
360
53
487
549
273
477
135
379
678
80
464
263
257
208
32
653
76
163
458
41
85
20
409
274
268
623
432
4
170
685
550
481
113
380
134
226
433
182
408
96
2
313
480
235
355
29
304
258
206
457
667
428
399
34
142
490
60
616
497
95
421
500
538
580
588
14
572
86
250
229
329
316
625
658
605
82
636
650
562
144
607
676
666
172
78
582
218
156
385
101
657
166
517
352
418
387
322
25
151
466
278
598
214
305
445
454
146
272
532
186
264
282
149
152
120
254
15
12
407
564
506
430
5
330
496
488
555
239
246
133
162
56
147
108
195
439
308
465
167
271
325
389
302
72
343
112
45
116
132
382
640
3
173
128
595
561
233
377
259
632
526
333
455
222
452
537
617
444
6
99
643
656
621
543
139
471
318
74
40
204
221
58
673
393
570
297
618
615
215
0
363
505
508
365
124
645
416
530
64
219
378
386
502
565
405
631
671
234
332
324
52
504
491
581
411
554
69
447
136
256
613
473
67
516
568
267
467
103
527
628
541
245
249
536
427
47
381
431
299
298
569
104
599
347
681
22
57
573
159
285
335
55
59
424
155
83
394
413
51
438
17
641
175
558
547
84
42
94
44
309
479
98
211
315
174
383
375
244
683
593
24
102
354
30
415
199
551
193
336
150
633
327
417
461
81
498
669
474
287
184
412
495
209
227
391
280
637
507
269
584
190
348
148
63
140
489
43
122
606
323
188
35
592
544
27
160
18
117
590
169
486
514
509
518
483
303
419
651
484
546
48
499
180
469
520
521
620
320
310
664
23
130
610
37
596
161
295
437
236
594
679
292
668
247
545
575
225
522
406
129
535
54
232
528
118
171
446
158
123
362
515
200
523
286
293
70
143
46
334
366
548
429
28
534
398
638
587
634
145
121
559
93
346
198
314
177
203
339
503
519
62
524
525
442
423
65
567
73
655
368
39
296
436
663
552
395
583
284
574
356
300
648
176
243
674
553
529
392
114
207
