384
437
11
65
498
485
347
243
256
110
28
540
558
149
174
483
276
602
476
297
36
161
144
536
74
308
198
266
677
111
218
292
291
201
101
317
300
215
265
451
607
633
545
303
680
322
6
684
264
569
203
284
528
289
214
301
17
298
460
16
184
438
278
461
641
554
12
502
99
248
51
86
9
197
7
90
310
518
48
80
530
682
4
574
454
88
496
630
40
546
413
408
70
153
335
356
382
118
235
279
481
615
534
660
477
353
96
141
30
636
504
342
685
116
658
532
237
632
309
635
565
314
377
255
588
54
165
274
282
136
373
62
187
145
189
227
610
568
349
654
378
244
431
455
98
230
97
220
367
396
147
621
579
71
511
294
346
428
169
670
657
5
379
262
13
231
121
410
223
650
170
593
60
601
107
247
442
363
515
81
34
213
600
267
522
146
2
360
411
616
150
151
259
365
326
507
407
484
550
591
352
436
415
76
117
330
123
479
646
494
508
69
520
79
83
21
131
516
469
645
656
359
640
271
157
405
173
521
439
337
372
529
398
286
539
299
159
234
192
1
634
526
618
638
260
50
195
78
433
325
393
172
72
311
402
158
499
371
15
423
176
639
629
177
448
41
663
320
102
224
623
108
549
538
10
3
304
589
139
394
400
285
659
445
447
125
575
675
594
232
181
318
275
355
403
0
592
205
26
386
140
557
344
327
236
462
239
642
543
631
362
160
427
395
649
519
120
548
137
312
114
399
495
614
175
67
480
596
103
388
525
180
171
552
375
94
547
20
345
562
598
268
32
199
389
228
392
323
277
383
354
112
68
134
39
167
434
493
46
686
209
582
221
42
490
687
531
513
287
606
527
432
364
580
45
273
14
644
49
38
617
652
206
302
126
509
18
33
281
420
560
573
611
424
541
269
233
295
341
8
627
412
100
376
188
501
435
473
561
168
506
505
316
651
332
252
156
31
458
387
570
556
334
397
648
142
464
463
350
676
250
674
119
665
280
597
450
421
296
664
58
535
162
293
75
429
366
19
622
43
186
585
166
647
406
53
583
154
56
208
63
55
246
283
416
425
381
555
542
241
87
225
666
37
253
449
324
628
152
487
179
609
559
229
307
306
290
678
351
73
443
472
95
109
321
567
138
563
488
679
669
482
336
82
655
59
328
47
305
497
683
471
390
113
44
586
577
219
257
190
315
643
216
510
620
492
331
380
132
414
35
441
64
258
512
127
605
200
417
194
571
662
524
625
135
84
254
85
358
474
191
129
385
207
27
584
595
491
452
210
196
143
533
613
77
459
486
343
22
418
619
361
319
202
453
339
105
124
500
338
467
503
89
446
185
404
251
212
564
426
419
523
329
603
604
164
217
391
544
624
368
637
222
249
66
689
457
245
272
466
357
489
155
422
673
288
470
333
115
24
599
