372
421
303
145
115
387
375
140
407
245
491
345
262
418
556
640
596
271
208
159
597
95
40
132
150
499
609
605
31
196
347
301
521
263
215
445
46
412
526
141
669
561
466
41
672
394
94
456
530
239
310
283
234
108
147
77
169
295
383
50
102
89
541
389
254
138
279
190
368
332
112
516
555
65
551
547
583
641
199
482
493
649
0
484
425
614
175
335
168
604
529
373
487
12
652
198
291
338
386
45
355
517
674
367
270
500
165
305
247
626
621
42
376
527
581
644
417
106
144
274
275
448
20
603
478
153
476
591
624
203
255
116
100
560
663
298
163
9
43
265
228
213
189
317
2
294
409
209
390
454
479
639
192
51
184
143
462
13
420
28
232
481
97
1
154
16
276
324
85
606
92
658
664
170
358
651
438
229
559
30
463
612
598
93
83
319
11
638
587
419
592
311
111
273
98
333
25
299
24
659
164
230
550
429
554
173
673
177
647
553
511
36
302
501
29
348
580
103
667
240
392
352
370
188
620
498
246
408
99
574
23
573
84
657
610
179
237
227
122
430
618
399
633
258
307
321
507
439
161
683
433
193
200
400
557
415
211
537
241
442
684
460
688
520
125
385
637
323
623
56
675
79
362
289
256
432
306
206
185
224
616
214
178
512
377
133
380
148
130
393
381
513
312
326
267
404
413
162
453
197
37
314
205
82
346
434
129
642
39
503
506
127
441
569
668
681
342
533
625
488
243
201
47
359
679
635
634
139
49
187
622
379
382
617
396
252
628
322
653
17
337
296
149
465
186
14
242
619
67
6
451
152
293
578
124
682
411
22
543
435
158
86
536
471
449
134
457
586
61
136
248
313
632
371
52
423
472
450
459
330
545
469
288
340
585
470
34
443
646
406
57
344
3
76
80
539
607
594
285
655
426
571
59
600
480
251
216
671
320
219
428
661
151
401
32
437
654
630
69
489
538
286
360
662
329
485
54
402
369
519
250
21
318
71
514
685
272
570
191
53
167
292
405
528
157
504
119
88
182
309
44
210
128
579
575
483
120
27
68
666
562
540
135
315
290
4
366
131
447
599
325
8
397
645
268
357
91
58
156
126
63
427
595
87
308
74
444
218
384
78
525
104
257
648
565
496
486
105
440
508
535
510
461
590
195
677
354
261
282
110
497
593
495
474
231
26
608
398
577
364
656
601
278
316
374
277
339
207
518
38
142
424
222
584
544
568
631
233
253
353
505
660
221
475
113
452
64
235
650
194
552
349
403
281
10
336
670
174
582
62
546
361
531
378
680
365
331
18
280
171
117
155
107
576
416
572
343
109
351
5
7
464
137
455
467
204
563
101
509
297
15
473
118
202
678
356
225
665
629
515
70
341
160
388
166
687
300
414
477
73
96
395
422
686
66
548
304
264
244
260
549
