177
467
524
266
149
581
99
44
126
562
432
317
546
424
460
500
622
569
265
38
612
139
371
107
175
387
588
340
289
545
637
456
251
626
314
218
346
476
515
75
69
121
223
567
556
385
386
329
318
461
319
575
178
364
550
301
372
549
373
105
268
272
179
164
324
594
544
361
599
582
495
374
616
304
496
369
286
153
315
137
572
293
234
452
20
394
380
307
356
625
193
198
274
591
106
190
489
433
580
73
482
97
630
418
158
246
197
384
219
666
458
135
403
23
365
462
111
442
180
10
237
132
592
390
84
583
471
655
205
393
333
398
13
129
571
213
683
184
262
609
470
32
88
260
689
402
417
615
53
397
412
33
261
554
308
505
512
579
87
43
162
142
42
438
672
378
134
305
302
275
587
295
168
15
381
654
201
634
367
358
688
332
281
117
542
605
558
657
1
216
207
541
528
125
469
522
316
362
250
539
342
211
242
487
36
81
313
423
120
676
503
243
669
130
559
226
0
629
27
12
521
269
278
217
212
47
651
63
561
284
534
263
517
80
78
532
604
429
557
113
182
77
519
185
674
679
574
165
17
229
71
247
112
540
236
623
354
141
9
453
682
338
128
510
577
60
553
310
477
52
273
624
296
555
18
258
191
108
593
155
11
204
507
543
248
667
430
359
123
57
225
22
547
663
552
585
5
355
34
51
565
200
92
336
613
174
472
303
26
222
202
656
50
136
282
644
67
285
231
590
595
148
443
14
29
670
501
116
151
459
228
335
54
239
383
652
668
406
499
473
252
563
221
104
156
309
56
363
427
665
347
109
389
635
422
46
376
220
611
396
497
82
224
399
181
415
45
647
118
445
203
538
681
55
617
564
101
436
408
506
4
573
240
334
254
650
454
586
95
351
511
257
138
407
345
96
447
66
607
486
114
72
294
280
186
426
648
3
89
343
643
480
502
6
94
352
377
475
49
628
416
331
150
439
249
409
159
39
98
598
589
576
195
664
100
360
102
530
570
339
484
537
124
498
208
91
187
560
490
677
584
620
597
368
548
70
65
62
441
448
349
366
601
147
600
119
192
527
660
337
673
30
326
297
526
93
632
259
479
491
122
59
533
253
675
241
16
199
531
633
90
74
21
68
61
379
382
596
431
288
267
631
279
678
525
661
256
40
330
468
610
653
312
450
465
323
464
578
320
325
392
157
428
421
290
300
494
463
35
684
493
328
48
523
210
169
350
76
619
37
420
687
271
640
341
103
645
488
291
230
321
614
311
375
520
618
327
504
518
209
235
434
85
2
298
270
292
194
255
551
641
649
437
215
413
444
143
277
446
86
606
79
440
516
451
568
206
636
509
646
166
513
127
146
662
492
404
603
602
154
485
474
348
466
357
264
608
391
283
483
245
227
322
344
176
457
395
244
639
41
160
