286
625
592
748
678
464
86
417
643
701
31
294
602
609
540
614
74
34
49
95
509
222
444
504
552
536
415
443
532
683
612
281
6
94
57
586
558
35
270
299
597
304
610
593
295
704
731
8
580
745
256
314
753
320
707
275
353
638
571
374
555
350
703
150
29
687
432
159
371
53
486
243
267
173
246
292
109
487
474
578
199
273
54
688
16
715
450
606
171
285
673
312
233
733
129
721
533
522
225
37
185
644
46
431
220
742
577
587
22
366
591
293
132
60
574
534
306
512
250
543
441
167
525
319
469
397
657
93
162
530
66
434
618
426
373
7
714
227
598
511
83
615
541
55
245
195
685
570
303
152
253
172
484
641
472
268
307
702
437
370
197
356
340
163
645
639
385
223
616
41
279
136
230
188
47
89
576
663
436
73
351
349
718
274
698
70
316
229
120
383
1
542
221
154
106
722
71
665
103
190
14
134
325
212
471
507
272
502
342
363
61
572
456
475
458
116
747
439
521
26
78
680
584
330
360
601
749
483
724
107
315
201
648
147
516
214
114
210
141
84
418
261
717
535
589
528
478
600
19
583
651
338
354
324
723
531
732
725
177
675
419
654
503
404
308
242
459
690
585
10
231
296
144
23
257
729
728
603
672
17
217
758
110
567
497
327
760
77
403
619
218
111
33
460
215
653
548
204
761
393
137
387
302
39
660
581
113
435
623
482
519
336
317
559
235
538
38
545
433
121
479
251
368
754
175
656
694
544
92
627
396
331
205
652
346
529
621
355
192
736
551
158
381
207
524
547
553
287
341
153
488
151
394
339
168
9
391
413
63
191
123
44
59
127
384
569
200
189
3
361
588
148
429
455
757
629
489
335
280
219
400
398
138
741
562
15
262
410
166
470
372
82
527
5
501
75
480
133
655
321
90
115
445
565
43
347
438
738
48
649
506
126
358
343
313
64
183
494
401
499
334
69
526
174
139
266
140
523
76
12
51
563
193
520
301
595
135
440
428
206
208
105
149
457
352
466
447
27
692
557
297
160
711
454
640
234
249
405
224
98
402
493
453
389
706
481
203
684
620
423
155
333
582
661
255
97
579
186
766
259
564
737
696
726
40
50
344
32
392
375
108
309
263
228
382
449
239
676
709
594
318
143
117
237
240
329
58
462
566
67
637
13
633
364
575
505
25
510
213
311
182
283
118
422
131
537
226
241
713
80
380
271
42
11
345
517
52
288
236
72
477
476
546
142
425
216
178
679
708
258
265
442
198
390
671
727
674
96
421
430
693
260
560
187
662
635
681
518
611
751
112
744
467
348
473
739
65
45
490
176
337
452
689
607
282
28
556
659
290
269
613
24
500
670
667
700
388
56
617
408
682
750
446
763
697
247
376
608
485
650
386
590
554
79
720
30
605
377
298
677
277
232
515
491
300
252
322
20
124
406
699
289
145
326
691
765
284
379
362
622
628
716
743
719
596
130
599
332
448
367
550
395
695
740
328
759
666
746
414
463
359
631
101
668
88
310
573
146
62
409
642
646
128
626
278
664
276
323
365
561
202
508
68
412
705
752
244
119
2
196
