6
174
294
300
411
297
355
455
93
225
1
626
714
558
705
145
518
290
136
155
36
649
484
574
602
652
7
333
554
752
4
133
345
348
430
575
248
55
609
678
688
124
442
663
500
658
45
216
319
667
596
43
722
724
149
427
28
736
193
718
366
338
284
761
669
681
524
171
646
396
351
473
389
99
690
576
245
629
371
537
164
744
450
753
422
219
487
315
178
719
252
550
329
577
392
98
460
342
116
317
126
41
464
200
104
85
431
458
2
110
640
651
585
255
238
412
562
147
388
700
50
214
410
3
418
514
750
529
495
340
525
84
324
12
380
390
612
600
552
5
205
74
356
210
432
664
467
734
381
424
213
349
11
661
616
757
266
132
489
449
706
70
716
299
632
579
445
222
229
106
572
538
278
328
332
113
189
310
581
220
20
368
580
672
244
481
666
566
150
87
536
153
40
454
330
630
289
282
212
10
182
207
470
400
183
148
502
618
608
251
69
254
385
301
478
51
451
603
595
372
9
535
733
582
479
336
453
344
620
544
267
185
709
80
192
313
547
59
540
683
611
111
259
357
88
635
179
376
720
703
684
157
523
589
89
107
306
15
728
141
588
249
712
66
534
717
361
121
560
650
627
65
322
591
517
486
318
541
305
184
474
291
118
545
298
96
288
176
615
159
227
35
701
682
613
273
379
619
224
314
360
457
102
197
101
471
623
655
731
112
21
86
272
516
699
594
321
653
292
146
743
117
760
226
246
172
383
243
393
765
434
204
262
374
367
230
17
438
673
90
758
16
44
304
399
191
286
279
386
762
764
95
218
187
346
358
144
64
247
27
642
382
405
331
115
347
564
307
739
265
135
641
256
303
48
435
29
260
526
704
657
420
729
375
309
542
326
727
440
395
274
583
498
194
423
636
437
766
215
352
548
30
398
643
441
509
604
320
81
151
593
123
494
201
433
462
77
54
499
138
475
443
559
165
158
539
394
62
235
513
234
491
264
708
488
163
237
656
343
384
414
408
161
109
22
223
605
563
75
140
742
662
49
592
637
628
325
53
354
633
610
97
122
369
271
403
231
60
198
417
730
71
521
639
647
295
497
92
528
741
261
203
679
747
13
482
763
426
721
751
546
496
675
359
108
196
169
519
170
723
316
506
710
78
162
665
428
490
702
337
34
195
79
586
370
738
131
402
590
598
694
47
308
746
465
58
72
76
373
456
510
748
335
83
533
180
378
660
120
413
466
511
759
173
128
276
167
530
415
448
257
670
436
648
160
242
584
503
693
461
527
277
512
181
696
25
177
740
363
553
686
691
311
285
622
91
31
522
515
606
707
139
505
61
353
692
142
19
125
469
258
472
578
232
327
614
275
677
617
0
634
26
685
57
493
645
236
695
339
444
239
52
270
221
483
401
715
745
190
659
137
312
114
407
520
463
644
668
404
504
175
67
217
103
281
607
439
419
94
597
387
532
268
32
199
687
228
689
323
302
39
624
68
362
134
551
459
725
621
46
671
480
209
601
365
42
735
23
732
625
287
749
501
119
364
377
557
14
561
38
508
263
206
638
713
18
33
711
202
73
