307
229
41
44
247
14
578
158
704
287
367
22
384
270
79
688
119
375
470
243
19
674
304
505
227
572
88
382
503
261
463
359
709
622
278
460
7
510
496
386
203
231
318
147
352
157
702
322
762
649
748
563
130
273
428
175
724
451
717
715
593
599
434
216
620
691
374
567
4
274
552
321
257
263
696
589
165
625
639
271
363
474
141
498
722
288
132
106
597
528
612
180
13
522
595
621
65
27
346
226
761
142
554
266
627
377
545
421
515
309
285
683
11
398
95
605
714
196
306
617
559
698
540
733
424
193
259
150
299
706
744
430
708
302
506
326
355
400
764
111
272
126
277
85
561
580
291
615
225
596
699
289
668
202
499
376
218
450
117
236
388
97
452
264
492
87
305
174
743
205
601
83
531
501
477
716
109
436
328
441
417
333
139
156
15
416
757
71
59
422
607
207
638
308
190
340
457
408
137
464
581
286
331
354
323
279
40
453
58
494
47
692
550
391
276
447
742
173
334
25
603
527
529
254
410
112
623
179
30
6
249
356
490
348
161
228
707
94
635
24
654
330
532
293
211
116
239
183
303
314
606
240
537
198
370
409
500
17
329
296
255
705
121
143
324
76
465
695
176
659
280
46
385
624
23
33
189
105
419
284
100
564
397
75
587
594
710
728
69
548
55
576
404
630
178
53
103
256
182
426
478
206
380
10
82
546
51
736
204
614
760
160
233
555
747
573
461
32
195
754
358
335
700
16
458
54
642
381
415
200
664
469
689
325
194
267
536
538
84
487
677
235
341
294
246
332
711
641
657
720
177
187
619
115
80
343
547
676
81
230
292
734
420
585
486
390
682
242
512
312
558
507
533
136
534
616
168
565
647
727
562
101
604
93
741
579
514
459
383
658
98
237
665
655
91
171
338
740
371
78
519
402
399
411
149
185
3
221
301
678
26
282
610
588
551
118
412
530
123
66
466
479
671
393
342
345
480
750
60
731
394
67
74
28
673
738
511
730
252
746
396
571
315
122
31
462
685
644
583
201
234
557
250
524
653
575
336
169
634
666
167
443
357
435
9
265
353
21
129
539
56
556
568
759
431
52
703
525
63
438
369
656
251
712
517
448
275
497
751
213
133
618
347
298
425
290
672
407
238
737
215
401
440
643
725
317
151
729
38
360
693
86
570
124
104
217
640
155
311
755
516
73
188
224
633
667
392
212
535
765
756
349
210
222
368
337
145
541
39
629
366
423
186
513
439
77
300
508
766
269
154
414
72
48
144
449
405
637
600
429
365
456
648
582
89
70
697
687
153
739
297
681
626
718
473
128
669
1
339
192
609
214
49
20
319
223
162
361
684
268
701
586
602
90
590
57
663
504
120
592
135
125
502
327
523
159
493
253
660
219
232
68
713
37
138
680
662
350
127
645
99
491
495
197
758
108
413
220
403
432
560
521
632
418
96
549
258
745
752
379
577
43
437
732
152
262
543
50
483
92
184
553
485
102
675
389
378
244
42
542
146
134
719
489
613
476
611
5
442
427
509
471
114
131
12
670
646
433
569
726
164
721
36
8
181
679
283
574
163
482
