285
101
581
352
632
472
233
385
556
59
755
341
445
614
371
355
19
710
430
117
493
218
159
666
553
628
620
238
639
758
577
533
134
752
202
688
759
85
403
558
311
277
47
187
224
90
8
399
678
400
81
389
175
334
590
636
535
299
459
567
286
60
111
591
16
741
349
756
436
516
56
335
698
679
753
23
394
69
382
195
84
442
560
541
746
549
692
358
428
320
392
50
181
630
611
437
135
350
120
732
262
706
207
507
527
463
61
148
255
452
762
3
201
411
502
268
65
721
538
754
104
339
700
57
307
704
265
637
223
521
546
273
539
640
35
530
194
41
448
552
660
108
764
378
0
298
74
310
66
563
318
154
683
642
662
711
161
509
305
426
13
480
681
607
634
92
682
114
669
747
185
404
354
331
132
673
408
449
496
329
540
40
483
245
68
76
180
247
189
139
518
629
118
205
506
587
34
257
216
598
760
160
713
372
14
612
119
82
373
375
353
107
17
323
172
402
366
103
422
301
396
696
432
45
242
684
241
599
649
11
214
88
467
550
147
481
412
248
641
519
727
725
446
730
524
173
663
121
570
491
49
31
601
510
717
274
724
699
116
388
95
374
289
593
429
368
62
447
528
487
495
722
554
623
29
54
531
361
146
443
526
589
602
165
80
415
259
9
522
473
604
179
482
314
293
364
5
197
605
603
464
261
511
486
600
38
658
345
309
162
67
124
39
4
33
690
280
735
99
647
744
236
386
434
346
695
498
661
517
186
585
525
694
260
363
333
153
529
304
200
731
78
312
693
719
42
133
427
748
625
250
543
709
439
192
220
433
652
576
474
523
157
551
272
737
421
306
578
102
52
156
419
501
97
703
128
177
347
110
574
379
191
414
343
555
142
618
6
267
596
237
733
383
58
232
702
631
203
544
284
638
2
751
435
217
360
46
736
225
18
168
228
292
377
397
227
643
579
328
283
712
592
575
457
93
213
258
337
425
291
613
106
115
158
761
494
36
105
395
362
479
204
244
221
246
365
344
441
571
738
559
351
249
122
610
406
654
164
656
672
622
635
239
83
537
295
650
70
573
484
98
512
707
359
30
340
488
94
127
644
1
674
27
89
308
73
453
184
671
171
417
226
608
582
112
91
294
370
504
664
125
423
743
455
460
410
315
376
12
701
438
565
150
766
617
409
143
659
208
440
131
380
174
270
407
670
123
138
51
275
742
342
256
182
300
584
240
230
326
458
465
163
167
145
206
500
188
324
651
685
79
619
691
229
594
100
290
444
726
53
391
740
765
251
499
475
271
44
113
24
211
169
745
520
32
109
136
330
222
28
287
55
676
689
48
750
545
477
547
63
413
384
680
322
451
597
234
557
462
424
675
303
677
219
667
296
21
420
325
199
450
137
536
212
739
716
705
505
624
231
405
568
317
183
657
686
609
626
485
278
20
170
401
708
566
176
327
198
470
646
266
615
492
130
338
729
489
572
606
193
140
416
476
152
687
10
269
96
210
757
569
548
723
532
763
332
75
77
263
149
714
514
720
469
564
461
253
369
321
151
302
190
586
348
243
87
655
697
418
288
