142
370
366
638
334
663
265
755
200
207
421
703
472
288
10
712
481
272
390
82
178
124
232
341
634
384
263
434
33
752
406
648
604
553
733
392
335
660
71
223
416
748
209
682
678
123
552
22
85
323
61
101
526
762
103
518
693
566
511
136
737
135
156
0
760
371
238
316
413
568
94
486
172
473
470
3
425
394
709
574
417
718
695
653
66
704
161
492
100
152
292
708
521
45
467
13
306
589
590
517
256
241
282
536
25
267
105
284
65
189
672
39
131
642
110
37
482
21
466
606
736
171
328
151
411
344
621
327
226
231
700
655
438
164
583
543
227
24
586
304
154
395
356
359
697
43
259
507
252
714
314
69
646
460
671
9
694
378
79
654
633
183
320
602
662
143
11
745
46
30
723
318
680
619
554
673
738
76
229
476
295
23
728
19
512
363
668
432
398
211
40
656
455
740
494
115
330
588
47
506
230
496
564
618
437
557
377
513
759
487
134
205
523
522
321
519
296
186
405
42
493
676
485
664
264
77
479
343
429
605
130
125
355
529
245
722
55
464
175
699
257
287
146
329
620
743
203
243
433
570
111
677
463
391
739
387
545
333
99
675
452
572
137
562
721
508
109
418
403
465
505
665
541
340
426
474
734
193
228
368
514
141
608
396
702
112
459
713
336
26
233
324
222
500
289
764
402
669
462
346
127
374
761
96
478
531
290
338
457
542
28
533
68
126
91
358
50
64
210
613
453
86
108
361
639
534
78
194
502
204
579
436
62
369
32
294
578
337
244
117
255
560
420
362
139
591
261
661
587
35
34
285
198
14
59
286
307
20
41
208
749
707
7
133
278
83
409
253
301
247
213
74
540
169
625
559
326
650
711
488
611
430
484
97
221
504
601
273
727
351
445
220
310
685
516
345
190
538
274
36
427
16
250
80
383
468
44
732
219
696
698
681
632
525
89
637
48
567
260
610
410
88
95
450
192
218
331
573
469
275
350
626
716
412
173
645
556
569
524
31
248
191
215
52
744
300
339
595
157
501
644
735
615
262
73
315
598
546
98
603
747
765
475
397
63
165
118
276
299
689
631
107
724
731
84
537
597
581
92
258
121
269
414
424
214
666
242
132
38
754
691
266
251
532
528
510
364
763
268
217
456
627
18
148
147
376
179
15
56
419
503
365
155
312
629
404
658
212
138
548
593
216
497
444
54
382
106
551
585
116
313
225
168
458
561
367
461
725
706
547
5
81
58
303
544
607
471
423
114
280
690
120
6
623
489
624
576
726
617
667
140
679
12
1
27
360
188
710
104
202
319
750
435
751
187
279
162
515
719
449
57
177
687
477
686
102
582
357
580
199
196
594
235
206
53
571
674
386
641
408
158
652
348
758
746
717
87
651
495
236
72
647
2
93
399
322
622
174
490
491
239
297
122
153
246
293
616
8
144
145
684
539
454
163
535
51
643
446
342
480
119
166
181
325
640
347
302
160
254
283
167
565
742
379
388
415
720
380
431
407
440
550
628
201
381
575
451
234
389
237
317
705
372
170
442
270
182
558
530
197
688
520
577
753
729
271
509
636
584
715
