44
692
534
669
603
521
696
56
50
86
430
228
571
610
408
620
289
304
604
18
138
120
58
31
412
6
46
694
368
19
510
231
17
635
65
713
47
107
623
126
748
302
536
108
709
275
199
132
329
4
556
538
700
136
342
659
411
224
625
416
192
688
740
462
306
193
271
117
485
444
616
349
27
298
171
517
527
730
565
15
589
282
95
580
627
40
666
525
97
147
317
12
72
545
74
539
111
439
751
574
488
335
741
459
764
698
83
396
766
618
154
425
367
343
629
715
440
316
674
568
609
566
655
383
279
321
572
429
644
194
237
397
395
109
283
591
561
214
232
315
721
621
651
477
684
152
394
526
291
421
292
379
631
245
543
405
312
584
414
313
678
581
32
550
727
506
724
215
592
357
163
311
446
145
195
432
501
318
555
702
119
287
131
597
217
66
333
75
454
362
7
426
41
218
143
531
172
559
93
355
153
758
208
737
61
431
646
39
57
247
402
255
371
728
176
100
79
257
272
197
664
499
191
404
716
219
587
654
744
722
346
612
673
492
23
5
455
89
528
641
689
175
246
433
533
235
614
106
204
576
472
179
735
236
434
480
310
607
699
464
668
552
560
760
286
645
156
150
242
471
170
216
211
417
541
30
258
134
637
337
241
173
285
457
169
588
598
483
703
602
123
650
493
495
747
222
601
284
201
124
186
570
419
205
564
450
375
251
314
14
399
503
393
273
165
16
532
739
388
547
141
121
759
253
765
691
718
567
729
511
102
376
324
348
370
508
742
731
415
49
36
520
76
190
206
203
320
113
690
1
331
719
127
667
546
611
428
633
557
755
693
524
130
360
544
87
332
507
656
712
353
350
9
200
640
745
632
711
403
2
278
649
90
671
487
512
34
303
723
62
484
226
240
166
115
262
478
164
443
672
401
638
442
361
585
181
406
359
297
496
280
762
420
358
187
270
749
344
474
325
234
460
754
530
486
135
63
707
516
340
569
78
81
563
341
268
105
54
481
738
307
594
96
118
336
140
449
714
437
448
161
389
514
466
505
736
52
185
500
518
64
681
670
540
155
468
453
579
22
20
174
24
647
101
116
447
682
326
364
553
438
374
535
25
685
8
725
42
366
363
377
177
400
706
178
675
3
230
157
636
38
244
750
733
70
288
586
296
410
392
385
502
327
658
207
256
29
595
45
626
48
43
390
293
423
301
249
88
212
263
676
328
198
213
652
418
705
110
223
523
229
77
617
697
189
600
351
99
704
743
708
583
599
225
180
648
427
391
756
37
461
551
726
582
491
55
384
372
137
548
522
26
277
578
590
122
294
259
660
128
144
445
266
252
473
413
345
239
482
513
67
537
608
494
33
290
309
323
573
752
295
613
753
334
125
68
720
373
220
452
149
695
148
300
683
653
549
679
763
677
562
436
479
639
642
622
183
264
227
299
456
732
92
710
398
409
209
202
347
354
680
643
60
243
85
475
382
94
634
593
365
267
250
184
114
35
98
182
260
10
158
142
51
305
624
606
701
80
21
13
558
369
82
196
665
458
338
490
104
463
476
112
261
168
274
757
687
575
424
151
