28
492
332
379
311
194
508
397
759
650
724
392
95
419
341
421
291
501
177
531
156
687
154
128
753
461
290
432
33
115
648
4
426
305
61
81
764
170
96
338
226
313
458
427
288
150
361
545
140
647
124
666
537
407
565
431
99
202
487
314
482
357
367
235
249
399
706
756
352
197
281
475
301
49
586
686
439
293
312
502
119
233
251
447
710
449
237
179
470
744
549
273
385
163
511
630
304
654
386
280
548
55
459
476
668
315
223
566
342
200
539
129
684
488
334
703
330
250
256
130
39
92
80
510
274
157
465
285
265
116
622
234
135
348
592
735
474
383
497
389
457
422
428
552
588
408
513
247
324
25
206
93
525
183
541
625
507
350
632
591
523
423
113
144
70
111
410
590
167
742
323
634
257
41
631
368
468
382
493
499
765
264
550
278
13
298
559
444
729
713
239
376
316
607
683
71
580
671
255
44
679
594
292
217
420
26
23
544
723
387
495
289
512
732
558
146
198
188
254
79
321
718
300
441
745
364
353
716
705
82
180
609
377
665
747
67
184
349
429
626
636
739
692
760
390
496
491
86
751
731
271
75
707
297
506
151
481
562
267
530
682
528
308
7
675
1
141
727
32
543
672
201
178
9
108
5
172
136
186
45
2
425
283
162
433
757
540
578
464
601
160
378
30
460
413
695
325
193
77
480
688
721
174
520
225
270
711
52
473
131
182
369
662
303
375
359
231
347
605
56
699
358
584
54
575
564
220
741
38
269
504
43
610
50
595
720
373
649
657
726
384
74
191
572
404
583
34
403
152
355
728
469
522
503
567
388
259
117
623
343
236
215
585
618
576
629
606
733
261
613
698
88
294
415
752
454
709
395
227
637
196
91
489
479
238
51
560
758
391
169
228
737
84
434
617
248
696
173
621
561
603
356
246
344
646
614
627
266
149
551
401
445
164
345
412
253
527
659
106
212
139
455
340
214
712
85
722
102
416
569
326
137
746
611
275
35
18
396
599
477
72
670
514
651
645
604
87
299
472
66
69
132
109
366
608
524
715
187
68
284
112
676
123
619
612
673
498
538
58
307
694
456
329
748
171
547
103
40
370
689
490
317
736
27
73
660
42
685
374
557
515
615
440
98
574
22
532
438
48
766
398
730
185
570
553
89
717
478
638
542
309
219
166
452
78
142
641
405
76
100
443
451
176
761
211
568
296
210
701
295
36
10
393
216
59
442
693
20
143
755
15
664
208
263
483
400
554
218
279
339
90
555
6
205
310
351
466
700
282
331
118
681
63
168
750
252
381
680
380
29
600
596
436
175
417
94
57
328
754
643
122
207
593
241
318
616
272
302
203
518
195
463
277
133
424
258
669
725
719
97
60
652
83
327
362
181
199
64
333
437
16
697
3
573
189
336
702
762
145
153
190
734
467
484
240
335
101
581
346
661
120
633
494
708
418
31
430
148
360
655
577
232
714
138
534
602
529
365
14
354
21
448
453
738
536
12
402
363
597
642
635
114
306
691
372
105
414
155
24
262
743
192
62
229
104
667
320
563
704
126
244
519
749
516
628
147
663
242
517
598
