749
466
455
583
39
516
18
587
396
5
280
757
218
491
612
214
439
627
379
429
444
704
79
405
507
669
361
134
518
748
561
173
731
759
259
430
504
658
641
375
653
684
267
328
500
459
457
338
137
458
452
202
237
48
329
102
351
141
249
509
284
46
311
81
415
64
525
555
212
72
397
502
301
151
609
152
404
276
23
109
160
57
364
732
606
282
162
579
268
55
233
322
605
93
736
63
681
296
568
476
598
88
130
717
536
368
283
40
307
247
420
535
639
760
257
326
209
144
399
14
723
269
623
629
616
287
432
30
239
743
298
56
542
75
299
742
537
573
108
272
334
495
90
230
382
741
319
388
698
228
667
101
6
33
501
380
186
690
395
442
733
286
219
483
89
539
692
211
271
617
126
174
747
651
727
155
418
473
562
167
467
315
671
528
584
648
309
45
100
589
373
599
235
547
7
187
96
633
111
339
386
250
190
398
480
567
764
252
493
657
80
577
662
103
77
709
146
392
677
367
708
67
752
603
679
406
194
610
243
58
356
534
24
289
519
682
673
128
32
26
545
342
325
632
99
84
428
494
121
372
124
668
440
234
86
138
164
242
172
355
665
198
369
663
92
400
221
241
625
210
739
563
47
659
595
654
201
377
719
423
670
576
303
695
425
451
744
222
572
28
621
710
484
460
701
434
656
408
634
650
240
614
713
349
630
370
649
594
638
446
258
204
706
182
751
359
136
496
520
85
550
664
106
700
546
441
255
383
565
262
337
98
683
295
644
582
438
691
526
149
523
9
53
323
318
348
119
113
346
294
475
376
433
236
291
52
553
264
17
330
161
261
371
479
506
740
461
490
69
227
43
508
712
288
468
521
244
12
165
515
513
688
302
159
765
42
469
331
13
327
112
524
436
358
3
666
260
304
363
463
486
74
254
592
497
65
0
220
245
607
574
36
714
652
724
615
61
107
642
646
31
647
110
530
11
312
135
560
637
738
470
193
758
471
185
705
73
643
588
580
83
131
192
464
306
511
203
384
94
256
293
551
157
532
122
216
353
763
585
183
206
761
544
571
133
70
191
564
188
548
266
552
636
335
95
226
238
91
702
378
310
499
41
728
324
153
333
755
419
556
246
402
686
412
543
601
586
224
2
618
199
66
350
158
730
148
4
196
357
401
231
143
427
685
278
693
488
478
746
672
566
189
608
661
531
154
290
645
716
105
178
200
127
169
82
171
300
660
279
410
352
745
37
689
176
453
474
265
62
366
722
510
558
421
393
581
225
320
431
628
448
414
569
437
354
197
387
557
374
205
426
726
766
737
472
332
27
416
640
503
620
762
489
274
604
297
514
115
49
622
59
314
217
125
533
248
734
34
505
340
253
409
344
735
170
403
624
538
407
694
275
213
715
22
305
600
223
540
703
529
575
308
454
631
522
123
181
180
613
675
527
381
718
232
215
697
97
447
263
549
590
462
140
147
635
19
317
445
229
277
129
481
175
729
680
450
142
390
385
424
754
281
512
699
482
477
184
10
117
50
674
292
626
15
554
71
60
207
120
487
25
578
78
177
316
285
29
150
360
54
