190
726
524
419
539
93
600
265
243
684
229
509
125
298
294
161
42
656
162
727
303
92
213
552
240
701
751
654
362
542
364
43
660
25
571
24
102
185
469
122
209
460
319
462
394
169
594
89
41
30
357
77
440
723
344
500
657
455
106
742
153
165
150
330
401
748
189
289
595
252
323
678
704
384
396
749
98
108
368
65
643
653
247
417
83
666
45
386
305
13
567
322
448
683
355
201
111
248
624
545
147
143
79
686
572
241
133
348
94
214
766
713
719
738
482
184
613
288
668
397
29
740
406
16
144
728
487
0
651
741
324
671
473
263
380
463
188
411
413
702
112
489
262
314
354
690
335
593
203
633
517
200
301
39
714
496
333
345
606
491
586
379
187
307
648
421
718
168
387
402
504
424
733
49
543
332
159
232
731
215
529
398
255
538
17
546
40
589
177
579
588
646
533
670
67
561
270
234
583
499
536
95
124
470
148
392
374
179
140
744
599
158
693
449
412
309
285
163
134
752
393
138
61
136
729
515
115
52
475
28
346
302
275
228
295
317
695
84
444
607
603
382
745
175
662
390
761
197
291
464
211
625
80
205
97
512
736
531
276
642
59
405
315
251
340
219
735
151
32
439
513
433
320
372
562
318
371
250
21
71
525
555
272
596
408
53
720
338
483
516
119
88
676
44
210
415
437
511
352
120
27
68
409
675
135
290
4
520
484
610
268
91
58
580
506
63
87
628
74
218
78
373
104
623
105
418
369
450
195
682
480
282
698
452
231
199
26
505
634
100
216
576
306
56
383
558
293
699
503
554
759
224
465
277
296
677
438
299
498
308
6
705
710
564
222
547
621
377
578
420
233
560
510
353
663
667
673
691
472
573
235
193
739
194
481
349
192
551
130
64
493
281
116
519
10
563
544
495
530
507
403
132
441
635
34
467
706
454
361
541
358
385
526
378
46
128
709
365
331
716
645
171
253
471
568
155
659
430
416
528
343
763
457
69
681
757
174
5
655
708
7
137
598
311
658
692
476
101
141
297
581
611
202
550
765
356
225
109
131
615
518
11
680
725
688
316
376
650
341
366
160
652
245
388
166
750
129
300
414
477
639
73
96
157
569
422
556
227
540
461
575
703
304
743
244
399
260
271
608
37
99
76
407
644
764
20
126
48
363
697
636
426
181
226
431
220
328
410
269
502
458
217
350
711
55
334
522
287
577
722
436
664
616
494
672
754
534
259
490
123
523
19
492
121
90
183
81
33
626
75
721
72
732
585
176
223
172
249
212
707
54
360
537
336
142
261
60
674
762
395
321
313
237
389
154
66
570
566
279
381
459
15
22
627
565
266
31
283
186
756
85
485
479
427
312
445
423
649
375
447
273
391
715
404
325
127
605
497
753
429
687
612
665
535
359
156
327
486
182
451
425
574
601
257
164
630
180
152
597
326
501
70
35
82
432
62
591
478
196
584
178
267
669
286
468
280
14
724
292
614
631
637
117
258
435
428
239
370
204
107
696
36
208
679
632
760
456
221
50
685
342
590
446
173
274
329
618
339
712
582
619
351
549
9
641
620
443
8
3
230
