593
638
47
669
640
433
682
75
429
166
80
180
550
423
475
544
419
193
391
583
390
179
516
480
356
436
286
338
221
579
470
211
201
398
766
49
722
186
553
691
679
765
568
541
405
484
104
213
432
153
195
637
592
408
364
113
549
172
410
590
709
362
371
307
372
574
105
670
237
447
624
744
600
462
448
124
620
558
106
562
697
289
711
190
727
721
726
750
442
477
414
479
117
121
228
294
664
81
626
260
184
149
445
223
254
668
38
453
415
675
622
345
268
522
736
125
735
739
397
374
707
733
265
231
332
276
554
361
564
460
483
50
217
334
596
380
264
623
152
297
471
424
66
502
316
671
572
536
137
29
503
555
615
107
305
162
313
538
89
474
705
44
198
164
373
548
377
218
683
703
659
272
281
658
535
381
329
382
589
476
173
257
69
510
207
604
530
10
222
126
233
229
606
274
343
418
251
386
587
154
346
378
545
30
636
175
591
702
461
632
261
91
517
717
14
275
71
13
456
531
688
129
485
482
234
618
762
724
409
110
63
127
725
730
58
181
53
539
763
43
70
295
431
698
342
400
3
393
443
296
111
357
713
513
335
278
135
650
740
244
355
472
216
396
533
412
20
132
99
120
387
25
205
402
340
524
644
610
243
73
546
97
506
344
652
242
399
208
467
728
301
23
557
486
84
732
266
743
171
158
681
139
394
734
269
197
177
507
250
500
219
182
363
718
32
641
88
565
438
505
642
754
440
514
451
527
625
322
333
33
439
635
519
672
306
87
168
299
712
142
42
753
144
178
134
567
501
720
232
351
489
15
395
24
760
430
569
459
383
676
310
385
646
455
758
532
226
710
389
1
0
246
708
302
701
314
354
521
72
499
473
452
370
661
581
36
696
496
376
571
122
719
662
130
741
7
673
729
27
12
692
308
684
212
512
263
319
100
17
28
628
336
78
304
607
621
454
529
77
114
185
492
543
262
165
273
738
247
112
577
236
133
559
317
141
9
627
689
119
481
326
284
128
677
731
60
279
699
202
417
653
487
52
599
458
19
359
490
737
406
18
258
191
108
146
155
11
204
757
674
723
360
598
293
678
248
31
287
617
563
367
123
57
225
22
540
745
309
188
751
5
560
639
365
34
51
491
358
748
426
200
92
498
401
547
525
384
156
174
619
315
318
303
26
511
680
595
388
136
282
183
67
285
379
324
666
611
508
441
706
466
685
665
148
369
526
509
196
693
116
151
630
643
552
54
239
597
95
252
746
422
56
566
752
654
347
495
109
749
150
46
220
227
594
82
224
660
352
45
145
118
203
715
605
55
747
101
102
478
4
407
756
240
170
497
755
206
353
609
138
602
457
96
427
629
403
578
16
584
280
613
570
515
687
6
94
651
561
189
416
331
339
249
159
39
98
348
8
759
537
764
614
68
469
576
167
588
603
187
742
663
425
633
160
368
582
65
62
349
366
686
147
241
631
192
700
238
337
83
716
61
93
214
259
655
74
634
59
694
253
528
199
704
90
586
21
580
573
404
288
267
411
115
256
40
330
468
245
312
649
585
450
465
323
464
761
667
601
320
325
