752
13
93
480
78
269
154
69
699
247
235
263
500
588
595
546
22
450
56
120
719
380
530
389
622
234
5
322
609
362
63
361
8
0
297
621
741
547
366
161
368
442
260
429
92
321
706
641
42
462
189
66
351
611
571
305
139
52
265
404
38
664
714
503
193
400
335
705
296
236
226
197
397
170
704
634
231
169
540
60
585
460
6
119
494
406
70
1
421
426
138
83
47
384
122
606
548
178
717
73
15
379
520
309
183
155
632
724
150
230
599
763
209
111
533
16
50
718
313
103
157
147
180
710
518
256
270
728
86
437
162
513
294
57
737
348
40
317
677
196
46
329
105
177
539
266
730
736
517
378
203
424
456
308
568
427
341
562
565
179
388
37
760
90
39
273
519
430
653
254
243
764
192
259
272
650
523
484
470
278
488
172
412
670
618
202
579
492
10
681
35
722
108
635
106
688
36
228
687
468
759
623
67
529
692
401
250
51
659
360
31
268
573
505
423
702
402
566
446
744
383
200
17
96
607
608
14
508
330
598
432
425
395
100
538
564
734
594
667
385
275
720
88
224
496
102
733
510
295
148
515
325
651
516
580
590
716
577
167
116
109
671
48
25
738
589
431
365
444
284
693
495
212
257
557
41
614
134
483
338
87
216
253
72
280
464
497
526
298
29
381
75
593
370
252
543
668
186
458
174
610
343
135
558
391
303
439
723
740
605
125
184
312
502
711
712
701
115
482
165
532
26
648
766
749
319
104
725
410
195
472
707
30
333
240
561
761
438
23
222
478
602
241
126
453
440
151
53
612
556
156
514
525
153
750
340
528
638
185
168
420
735
408
163
387
476
299
663
376
145
158
753
27
355
413
350
535
337
267
445
498
304
262
82
434
697
486
302
742
205
499
320
74
726
758
225
574
491
264
274
553
336
12
95
80
490
190
675
619
246
223
213
311
765
620
447
569
727
124
55
415
428
755
582
419
703
572
65
371
123
390
131
258
110
414
570
182
451
292
713
146
617
217
219
85
709
276
300
113
695
633
678
152
475
130
545
443
700
732
324
282
118
61
283
694
584
238
629
232
18
630
644
316
544
149
745
199
407
461
592
248
512
132
144
448
24
541
559
64
114
204
680
245
583
537
416
691
137
549
367
354
364
287
218
288
409
624
657
628
649
293
739
640
20
281
323
345
477
136
374
581
112
318
159
7
398
662
346
314
715
560
394
43
210
721
58
613
194
604
117
363
129
466
683
221
600
422
643
636
731
251
405
567
369
392
673
173
637
99
639
616
227
242
352
757
433
62
473
286
326
229
672
661
279
187
403
19
307
587
328
591
3
358
452
142
509
481
306
646
534
349
89
654
28
133
743
441
237
552
344
686
140
690
454
550
746
201
77
233
91
417
301
455
59
164
9
685
524
655
754
249
527
563
290
457
386
141
289
121
669
98
347
396
32
97
54
729
756
762
698
507
485
575
71
175
626
353
79
277
327
555
625
597
615
357
332
418
342
631
642
596
76
375
656
127
465
44
463
449
542
682
215
493
511
160
501
487
627
522
128
244
94
551
586
377
578
554
467
601
506
