576
711
36
750
169
695
283
257
3
0
179
692
687
193
191
500
161
659
212
471
496
149
660
63
474
278
155
475
593
18
242
310
255
268
365
703
467
47
209
509
113
446
544
410
282
252
98
674
81
87
731
570
688
200
523
647
556
141
436
104
95
61
292
352
540
412
662
146
236
745
407
490
219
245
390
174
426
48
504
82
565
608
657
492
55
478
8
633
329
17
12
618
387
326
437
672
586
435
254
513
649
226
420
21
312
385
724
592
495
260
356
35
25
80
397
640
444
503
454
619
16
140
394
393
284
38
689
561
709
261
743
522
374
217
555
622
112
92
290
7
580
198
62
286
747
602
302
501
342
123
720
628
392
295
388
70
30
319
491
528
432
357
600
401
125
324
532
708
696
265
460
164
424
634
351
627
9
71
625
575
462
134
549
742
338
636
377
207
682
213
626
601
613
299
289
760
567
614
379
744
41
656
517
5
325
107
699
458
100
515
428
400
77
384
691
33
274
723
764
766
11
577
68
118
376
679
755
433
476
717
759
548
210
484
114
14
440
729
721
315
264
341
678
558
369
579
136
574
37
86
658
756
719
754
364
262
54
237
361
49
64
337
206
521
386
554
566
710
371
349
406
163
148
408
139
181
362
190
277
306
741
301
404
429
573
494
599
244
336
248
396
372
479
308
534
399
53
629
405
251
344
606
560
512
224
714
595
183
328
335
520
706
159
127
506
650
201
508
443
249
67
221
638
339
482
273
641
90
531
34
533
502
712
145
46
285
85
752
307
375
304
111
93
182
746
215
616
108
680
439
137
738
311
716
763
749
690
715
469
546
322
204
470
701
101
194
172
220
184
524
211
253
13
427
131
258
543
596
589
223
594
157
162
293
758
23
99
539
272
267
597
552
564
448
229
24
572
147
683
214
730
271
409
612
646
464
644
493
347
203
186
297
321
39
510
75
734
416
488
56
669
421
331
185
233
126
686
442
66
483
4
153
130
52
702
216
449
65
333
208
281
135
762
486
610
288
300
124
623
447
713
343
88
455
673
751
694
232
639
345
170
568
45
582
120
358
228
489
737
677
235
722
547
457
663
648
78
243
459
671
585
20
91
557
291
403
620
363
477
240
19
487
481
26
60
166
105
452
541
156
624
94
42
43
313
89
530
651
378
753
497
621
664
263
368
178
529
230
538
380
225
205
681
590
266
697
72
761
231
31
635
116
119
693
334
765
50
381
144
197
250
438
676
525
294
655
138
643
571
316
666
102
323
551
519
58
735
581
76
398
360
411
27
366
451
514
505
83
51
480
700
152
202
218
740
685
563
317
132
175
441
473
569
545
391
757
423
609
103
259
173
318
97
129
57
553
667
180
637
276
29
165
654
340
367
187
222
28
718
303
511
359
631
615
642
472
550
189
154
115
59
121
661
373
461
465
453
353
705
542
414
584
195
79
536
270
422
578
588
418
725
275
466
142
499
246
526
402
652
280
611
434
559
314
150
653
309
327
269
10
726
516
44
698
382
117
32
15
728
417
603
732
431
450
562
73
298
192
456
445
389
2
256
468
84
238
630
247
346
413
