373
36
501
610
193
708
766
48
225
428
446
122
60
70
654
248
532
224
286
424
169
599
720
301
208
382
732
65
470
201
339
379
401
418
272
75
635
613
456
452
688
153
518
539
111
0
517
556
648
589
123
462
703
510
377
297
150
223
368
294
504
118
713
37
101
229
389
575
420
598
593
563
240
679
656
629
748
91
102
489
178
633
342
442
222
721
292
579
194
758
696
375
80
53
691
624
431
4
412
313
107
692
438
182
304
183
168
281
352
409
71
451
756
740
268
478
505
620
40
595
397
698
100
545
718
255
327
399
496
157
571
512
282
737
119
204
558
601
643
245
161
662
263
113
615
39
57
710
741
325
618
22
653
663
181
465
552
507
396
162
267
19
176
506
475
246
321
733
346
3
760
115
140
283
586
167
61
138
627
664
49
94
331
264
600
152
104
551
93
727
288
750
190
596
171
608
335
695
513
236
628
231
639
338
443
324
51
423
646
353
108
743
491
468
480
212
723
30
714
525
259
132
218
130
270
333
124
372
485
289
143
211
177
299
18
196
88
712
562
285
526
422
655
258
580
566
425
520
587
434
636
403
591
228
364
158
366
109
192
16
44
569
546
110
742
738
429
759
360
146
739
203
745
644
56
142
765
522
464
351
574
198
159
227
410
617
309
497
184
625
386
173
699
87
755
537
605
567
66
674
302
69
645
391
116
206
120
701
453
83
63
602
186
622
529
314
534
576
133
330
79
81
421
630
673
312
287
460
494
406
642
252
716
640
704
607
611
432
128
12
547
435
73
384
583
308
305
361
521
665
385
371
144
163
47
634
98
503
398
573
490
280
15
476
311
131
251
290
23
623
659
215
135
495
527
681
298
266
481
685
359
544
597
561
195
400
402
672
754
669
536
408
341
454
147
570
572
58
577
46
239
730
458
45
356
378
296
414
27
550
626
548
126
417
592
469
447
33
559
348
433
588
90
749
277
262
199
319
499
148
336
621
390
612
78
746
477
358
35
531
657
693
540
323
684
6
141
121
219
427
606
303
24
216
632
426
395
269
350
279
89
202
221
383
582
310
82
487
404
555
8
711
241
508
243
376
362
205
149
273
578
247
275
450
343
514
197
538
694
553
62
528
697
315
230
702
253
444
581
488
461
357
638
667
524
276
535
614
154
676
155
96
365
188
189
242
369
498
41
448
99
185
584
484
250
436
76
651
516
660
92
677
439
419
334
502
97
316
717
200
349
249
753
647
29
318
661
590
355
715
493
180
244
166
274
392
220
234
34
85
156
291
42
678
363
675
265
380
20
14
509
67
21
106
734
437
652
471
757
393
170
671
213
347
74
329
134
103
9
500
543
10
687
683
114
722
284
725
370
631
619
125
407
616
416
744
541
139
260
473
165
226
105
191
306
668
232
55
482
43
483
519
320
317
86
17
649
430
209
145
413
254
394
207
237
28
345
52
449
340
650
457
175
549
300
459
747
752
235
751
764
666
724
719
463
700
326
729
38
707
440
59
13
129
387
523
31
26
261
603
322
565
441
515
762
554
256
560
728
736
307
72
257
214
2
278
328
680
706
367
