184
83
562
341
326
26
239
631
528
112
135
159
573
684
254
759
496
88
27
648
625
754
389
552
129
145
125
725
244
468
561
456
15
751
475
437
180
690
299
294
664
281
766
554
637
175
35
390
190
412
656
400
588
647
361
65
704
178
276
350
513
206
485
542
731
428
558
46
310
755
220
141
556
507
672
149
261
460
744
63
292
313
233
482
678
17
574
309
274
258
142
497
634
127
11
716
28
727
646
525
116
501
365
207
345
397
87
645
223
490
51
465
240
167
222
457
706
204
75
119
614
462
327
506
713
623
280
19
422
551
427
548
622
586
108
225
594
123
532
91
503
214
120
529
736
636
413
395
32
231
667
138
8
683
288
59
695
530
572
40
747
447
43
50
541
282
4
692
701
104
331
384
16
154
520
466
619
212
270
459
302
297
181
368
218
148
257
581
130
539
196
306
30
221
644
2
628
179
62
242
198
339
608
168
21
18
34
510
264
124
570
585
94
606
555
519
157
436
283
464
715
522
72
92
248
523
733
322
226
483
616
709
658
249
463
20
609
739
320
107
557
371
453
587
6
176
495
639
252
67
151
545
155
511
52
1
598
479
289
582
366
262
224
443
579
452
450
279
442
720
93
509
349
13
669
516
440
740
607
182
76
685
391
423
33
71
524
657
484
237
374
215
651
399
682
438
315
433
301
118
334
388
312
117
160
721
356
547
284
602
416
394
737
286
449
615
210
359
290
372
765
543
49
750
335
121
10
604
259
515
113
217
396
578
652
650
234
367
45
323
707
202
673
189
448
39
191
638
265
718
330
677
567
480
332
630
271
599
383
80
304
219
600
446
171
641
193
478
431
263
549
661
77
493
564
358
589
363
355
369
419
405
103
96
106
402
375
691
38
387
245
742
152
211
432
726
467
659
674
476
698
300
700
357
666
382
22
318
752
763
324
9
425
110
584
25
686
146
164
156
342
348
620
81
380
633
481
199
689
85
500
136
295
583
527
317
385
351
241
621
158
445
517
534
98
143
319
74
613
762
627
590
185
275
743
269
0
596
680
150
597
232
729
57
42
272
308
563
611
714
703
544
504
533
23
717
14
502
238
194
68
100
122
84
745
741
535
344
273
328
417
229
591
170
663
675
44
134
577
3
364
404
642
305
314
353
268
101
407
612
472
518
603
693
200
521
256
728
48
186
132
102
605
352
12
90
679
474
227
705
228
140
163
111
78
738
266
161
325
410
671
508
426
688
458
702
560
649
712
131
177
624
203
406
430
469
86
296
408
126
362
24
66
192
70
414
360
429
435
230
401
618
753
216
346
337
251
748
54
321
576
441
379
719
174
64
697
498
201
640
708
470
746
173
386
109
36
253
687
197
550
580
115
660
681
565
694
165
153
670
303
568
381
473
243
7
761
444
696
653
610
114
340
724
373
235
540
236
601
347
260
144
662
764
730
60
277
97
287
250
105
676
378
710
415
147
749
246
293
208
455
592
56
205
526
137
377
758
55
79
632
575
285
488
73
595
398
343
512
491
487
643
336
89
411
734
451
213
626
329
735
298
95
536
409
187
655
370
172
617
