82
267
422
13
47
670
730
423
610
37
34
365
647
116
200
132
448
570
681
715
80
240
475
314
103
75
751
359
398
406
167
261
356
211
706
33
639
339
386
146
81
464
56
31
107
599
755
366
327
495
671
595
623
11
42
204
713
278
161
617
255
265
290
521
72
76
404
705
121
640
334
712
63
370
29
500
498
507
270
224
478
413
476
65
732
133
36
467
436
541
716
411
547
21
158
589
210
4
8
605
549
560
6
98
360
28
574
616
492
315
524
509
510
324
585
676
669
117
502
129
433
73
453
718
374
317
481
263
275
343
531
555
652
331
424
251
64
627
206
401
763
226
57
613
609
228
600
175
105
733
332
192
382
437
135
306
227
580
397
178
383
139
630
180
185
187
391
216
106
537
680
606
504
148
377
155
529
60
142
572
471
654
496
151
141
635
728
559
720
363
177
660
45
604
318
526
218
700
259
707
695
426
684
390
91
415
688
35
320
622
233
104
74
576
435
735
249
463
333
408
532
598
362
89
656
238
407
533
621
444
111
663
147
701
442
538
405
245
752
179
49
342
264
220
308
545
68
690
685
586
169
686
678
291
612
443
551
23
631
753
184
40
277
714
269
451
357
764
761
394
597
300
465
550
516
438
724
118
661
85
518
50
421
486
696
12
615
162
575
535
3
128
454
87
181
52
120
108
758
17
749
694
154
739
326
279
125
427
414
536
542
101
440
666
490
568
614
667
561
44
578
573
674
283
126
246
319
379
553
493
449
86
190
134
337
372
38
619
484
217
222
725
447
305
709
153
711
137
607
307
594
96
311
325
209
441
143
272
22
83
729
682
376
721
505
328
39
602
466
746
123
276
416
159
229
312
544
737
349
214
301
375
274
642
223
297
55
562
172
603
373
340
591
140
420
329
364
530
400
124
296
584
284
298
428
0
731
144
689
58
239
347
250
344
736
157
131
61
643
468
257
626
489
20
588
90
579
219
726
473
470
494
188
322
149
371
361
236
198
53
287
646
523
499
740
457
567
517
583
43
243
95
199
253
262
548
14
525
138
566
79
258
673
170
288
668
699
748
410
176
611
18
54
727
388
628
67
747
618
459
174
186
7
650
32
25
765
182
511
94
15
260
409
280
293
491
201
461
303
271
208
289
205
522
385
215
412
26
563
232
273
247
88
552
389
203
662
378
702
625
5
556
248
539
2
757
353
703
480
554
281
679
425
483
345
119
458
368
514
513
341
195
477
487
501
294
672
540
160
59
19
166
687
112
723
77
691
756
557
100
760
292
295
191
608
93
485
173
367
241
445
512
430
266
577
754
452
48
355
429
637
354
528
163
348
462
234
230
745
692
392
439
225
97
197
558
41
657
338
503
601
9
330
432
196
387
70
472
665
242
593
592
1
171
403
649
286
469
189
165
66
285
450
396
638
393
520
136
336
310
734
84
69
207
235
419
92
527
474
456
183
309
46
482
27
675
569
590
564
323
431
335
417
237
633
152
110
455
231
316
587
624
145
648
488
399
202
418
508
636
543
596
655
719
741
565
150
302
164
402
534
460
717
380
506
571
252
519
254
268
