667
358
222
766
212
630
320
219
549
300
325
62
42
21
699
112
283
263
405
389
243
331
439
407
387
447
336
382
580
544
374
733
546
302
693
597
330
394
465
37
509
165
46
684
644
725
565
332
634
716
592
419
156
709
763
54
138
177
154
343
310
590
662
238
121
4
740
523
379
572
101
26
209
718
90
15
728
359
164
124
473
422
734
436
720
582
651
710
299
208
363
298
657
665
333
552
7
576
297
226
417
167
429
244
174
157
5
232
148
510
459
24
214
608
50
434
589
318
570
349
669
246
432
98
703
44
327
68
366
701
411
677
3
93
741
500
163
136
464
416
674
133
25
162
341
678
655
78
738
252
476
223
527
536
452
183
531
346
193
606
144
571
478
6
588
746
169
574
377
110
81
566
357
305
276
130
499
551
762
102
60
218
139
361
761
579
578
400
607
272
554
240
182
530
603
125
82
231
362
206
204
753
197
658
350
273
0
248
365
47
16
38
119
605
250
388
735
380
496
233
391
109
30
586
87
348
319
291
538
57
726
599
370
215
494
601
483
179
95
278
491
160
369
528
80
404
627
719
598
76
40
314
446
190
752
545
146
224
19
516
431
63
450
750
200
225
408
355
712
670
567
621
256
337
229
17
161
308
338
540
196
173
541
315
324
292
696
584
645
269
704
356
694
91
512
618
640
322
73
732
153
94
600
687
285
137
480
32
449
410
690
559
560
666
151
427
221
596
754
264
474
736
515
637
184
743
619
172
56
286
72
155
489
228
99
507
542
440
198
241
722
372
150
260
70
564
727
714
230
455
65
67
401
461
71
524
686
661
503
287
134
731
521
532
143
211
10
9
199
247
484
706
681
604
347
555
721
381
28
520
646
145
203
317
508
249
583
135
433
74
625
352
739
281
659
764
152
123
558
486
398
265
304
442
34
329
114
383
414
593
577
353
107
729
100
647
120
688
759
270
364
8
132
108
742
323
360
386
616
553
23
192
745
189
303
502
141
116
472
675
470
117
609
471
188
680
652
642
585
444
424
504
760
635
513
258
526
296
568
55
115
237
636
340
106
20
705
633
384
751
462
301
595
14
48
36
255
227
475
482
274
66
86
517
575
403
159
708
556
485
187
755
11
49
628
623
13
602
104
423
697
266
51
128
730
620
83
594
344
180
103
671
77
236
282
689
632
448
563
529
748
147
39
685
122
205
293
420
562
415
166
548
294
506
85
251
280
418
185
89
105
749
641
573
663
457
284
454
468
43
683
390
127
113
149
724
397
534
547
610
445
453
334
638
393
691
175
41
490
22
668
747
271
518
591
409
261
371
744
550
368
698
213
664
64
45
18
339
75
656
543
216
700
479
31
168
756
649
97
648
295
723
460
653
111
715
758
497
713
58
35
234
279
622
267
275
1
615
351
458
488
210
425
69
438
254
451
79
561
140
682
191
311
639
492
537
612
673
707
624
519
437
402
96
321
385
118
262
84
259
757
587
367
469
277
220
481
306
375
202
498
611
672
217
717
131
170
126
493
207
195
158
396
235
61
129
539
522
643
511
692
59
395
711
613
290
533
186
354
312
