166
66
649
77
423
446
722
109
480
594
551
283
320
675
716
707
141
502
15
212
11
263
550
622
256
41
740
580
23
223
281
412
358
216
106
138
176
609
345
217
209
750
306
308
143
69
286
435
576
338
739
29
586
752
719
578
267
427
32
404
583
387
287
384
733
262
142
27
636
302
214
88
95
666
105
167
178
104
73
314
663
457
10
72
568
181
695
417
5
717
171
678
713
448
21
151
119
526
397
13
728
764
607
651
458
639
546
643
514
632
673
531
618
475
208
624
545
298
501
513
155
500
111
37
268
206
623
100
553
573
43
595
153
163
53
369
483
8
629
434
192
428
612
296
330
324
97
137
509
442
696
602
741
495
424
319
38
272
729
496
356
614
465
293
198
185
282
128
65
30
110
255
31
39
252
227
305
365
113
6
536
386
258
407
657
132
644
355
114
391
370
641
599
19
460
525
295
75
191
270
669
760
42
401
70
492
122
177
439
598
250
565
441
51
253
711
494
121
685
432
650
562
16
482
479
78
755
131
71
34
50
730
20
317
572
92
425
658
756
656
33
706
311
321
357
693
389
220
520
372
205
510
471
348
89
362
762
533
183
241
747
251
543
374
613
701
682
530
430
49
721
535
504
243
342
393
402
7
668
474
645
664
189
363
473
350
570
180
275
156
745
63
408
422
529
157
226
303
169
411
506
710
351
726
257
313
79
4
631
80
633
468
575
383
592
763
28
346
239
591
588
463
2
758
582
194
129
382
414
732
341
261
589
450
179
647
196
148
26
489
447
260
103
765
193
431
409
452
684
182
511
505
329
544
702
361
627
420
426
718
611
637
202
590
421
587
221
164
399
244
237
343
140
125
188
470
322
339
766
340
642
683
751
625
331
648
353
761
187
731
35
1
126
419
236
108
507
14
254
22
388
150
406
93
604
232
519
498
175
186
698
638
672
291
640
561
380
603
165
376
528
654
44
478
497
273
292
52
360
569
579
617
349
203
46
619
744
521
743
700
144
671
486
655
235
135
98
367
736
12
197
748
405
301
82
477
449
699
597
299
201
660
665
566
96
265
738
403
228
316
304
285
134
429
240
659
677
84
549
145
325
289
462
538
451
288
62
238
757
123
727
709
488
476
368
276
294
737
352
149
91
557
107
279
344
456
168
626
523
90
606
708
115
444
213
323
337
9
652
224
692
605
184
280
230
264
537
443
574
211
661
593
601
219
541
366
76
466
85
532
55
516
170
503
390
59
359
231
676
560
621
440
395
242
680
691
284
392
290
60
555
674
86
229
307
484
54
552
753
200
120
274
172
218
438
689
481
101
522
400
608
653
277
690
371
437
364
385
628
25
679
278
585
600
754
499
146
379
130
455
459
461
396
493
152
527
524
312
704
160
517
133
269
18
328
472
118
246
416
162
56
147
620
195
735
712
271
630
3
584
646
112
45
116
310
515
173
454
720
233
47
259
154
375
48
333
174
222
746
158
518
99
127
697
681
512
139
491
318
74
410
40
204
436
58
190
297
734
749
694
68
453
373
215
377
0
485
539
117
464
124
61
714
418
210
64
508
378
547
703
