629
657
447
485
145
492
543
438
613
736
660
169
517
659
474
291
41
350
534
313
562
400
265
490
457
554
737
586
376
742
25
450
208
360
366
530
320
489
588
337
44
504
553
2
335
560
151
683
429
363
644
425
393
242
20
29
181
32
494
50
9
306
373
368
43
48
757
332
218
150
301
606
430
734
119
259
738
310
524
576
531
193
609
648
551
163
173
535
719
257
201
336
604
526
724
254
187
599
546
471
354
53
302
572
468
86
548
716
411
689
428
294
179
387
580
175
114
46
136
615
406
758
413
330
669
312
488
455
495
170
544
200
39
414
118
248
745
229
610
708
226
369
70
158
289
722
622
677
36
255
56
189
365
106
475
204
318
522
227
461
290
109
205
688
339
696
195
223
417
421
8
287
569
727
348
15
214
317
188
394
42
219
728
241
545
156
264
361
380
69
499
744
212
591
701
431
199
444
592
216
693
129
684
401
288
710
496
377
391
753
370
655
98
353
309
469
434
92
68
225
77
711
630
196
128
500
176
314
11
573
230
612
571
73
640
511
319
477
133
115
661
439
272
404
512
374
356
454
478
396
27
231
540
203
125
235
556
64
563
108
656
162
515
190
120
192
459
385
550
258
619
251
388
568
55
206
328
424
539
93
583
650
549
161
646
338
686
529
5
501
113
593
333
144
334
134
503
24
761
597
327
117
110
408
286
197
635
34
281
35
166
383
520
91
420
525
87
427
528
415
692
718
392
442
6
94
453
756
89
347
245
88
637
75
381
316
730
481
384
654
340
275
270
633
143
76
582
527
386
514
416
462
723
182
132
107
422
97
30
74
18
102
712
726
673
95
665
627
220
185
279
191
274
51
547
567
690
706
78
493
256
519
268
399
358
79
38
497
131
699
621
649
675
467
759
154
552
82
652
298
507
750
698
625
541
509
460
16
703
209
167
743
57
211
498
213
668
49
505
680
146
480
1
746
122
26
487
502
755
638
315
100
704
732
342
155
518
252
570
148
533
762
243
466
760
513
202
83
237
510
682
172
293
449
52
626
641
702
321
664
239
247
607
3
177
624
222
357
234
695
536
435
103
697
238
10
355
470
28
739
603
584
153
273
715
674
22
617
557
437
249
111
99
21
441
443
412
472
322
240
632
121
670
382
643
171
12
465
13
323
561
127
601
194
537
296
141
473
590
174
266
452
341
250
359
186
217
559
262
691
532
0
232
491
448
130
564
645
623
168
479
14
329
61
152
67
295
456
184
228
763
636
639
685
81
149
647
516
233
436
733
749
595
681
157
101
59
555
523
666
418
104
207
735
446
506
426
367
407
160
33
364
198
378
123
267
581
423
634
486
137
402
63
253
631
139
616
642
389
694
662
344
482
138
538
278
343
484
600
324
54
410
112
445
311
362
577
283
409
345
579
263
766
398
713
717
628
725
602
135
71
351
65
618
419
653
464
280
297
299
565
589
611
66
236
159
578
325
116
483
261
284
58
731
304
303
433
379
463
224
7
285
740
60
598
596
17
178
667
19
575
720
271
651
614
721
679
165
140
31
395
542
676
180
260
372
346
246
747
587
