117
407
766
118
744
169
470
425
110
31
243
175
554
106
88
309
591
337
765
53
581
8
198
297
168
755
216
111
14
222
73
720
345
107
211
271
28
218
518
759
176
560
354
500
394
456
433
158
165
598
490
390
319
206
442
453
116
415
76
288
480
609
349
105
748
593
708
646
682
325
661
662
55
546
344
513
594
532
552
36
492
311
332
192
400
599
298
143
352
196
753
179
751
360
214
680
437
254
468
75
112
274
553
339
331
509
626
23
719
362
157
127
300
124
239
495
485
575
39
64
44
703
438
293
475
364
255
731
616
29
229
163
555
87
730
46
576
760
260
715
573
410
276
183
235
619
234
182
741
764
369
252
336
68
423
103
406
420
230
217
637
558
136
586
61
565
277
623
735
457
435
385
507
77
281
102
585
372
434
330
664
392
307
403
620
310
582
203
275
659
402
645
528
66
264
221
522
461
86
265
5
597
251
152
317
455
144
348
583
465
610
652
294
160
705
526
83
142
227
225
137
589
48
527
548
624
677
439
501
430
166
689
617
135
448
41
67
156
219
745
247
505
342
697
443
190
504
649
732
758
749
530
79
704
613
383
316
386
24
604
574
675
722
121
139
100
10
635
471
56
699
283
353
43
181
212
186
85
679
603
291
595
524
413
493
710
691
472
726
477
525
286
539
391
674
306
26
738
521
238
380
498
155
473
207
141
424
503
643
237
608
625
427
16
27
449
258
153
273
482
747
398
612
654
547
648
33
145
607
550
725
692
628
542
304
724
651
267
631
11
240
579
223
588
70
371
97
502
180
540
138
450
432
535
417
474
94
242
323
736
399
551
204
602
656
723
42
605
734
687
673
728
38
146
556
246
92
81
370
487
642
476
174
15
376
30
496
451
566
101
564
184
636
357
279
763
733
320
634
663
681
303
113
761
17
200
533
296
445
37
515
408
510
329
416
479
387
96
422
545
665
51
714
285
729
716
460
355
335
115
622
379
657
378
559
278
467
313
256
228
167
543
98
672
119
195
600
428
529
519
93
19
491
401
446
199
653
405
655
84
592
263
191
341
537
638
630
454
266
185
162
1
458
62
409
523
580
752
270
596
696
489
340
368
45
707
268
569
171
3
356
177
366
34
557
13
40
32
327
159
120
202
280
126
244
6
322
562
694
261
742
506
232
12
641
215
640
508
4
606
478
346
618
161
257
511
698
367
534
284
65
590
358
429
396
431
615
601
194
452
587
259
333
713
514
324
497
318
189
69
210
47
466
374
299
644
128
99
549
365
71
133
150
361
262
381
676
678
668
289
520
104
499
647
750
7
129
140
711
78
125
172
308
517
131
147
384
60
18
57
441
541
512
650
89
95
149
690
389
82
250
132
241
721
90
488
483
544
463
328
220
567
338
571
404
213
314
269
236
233
9
301
123
292
154
347
178
343
108
670
426
350
712
743
706
334
700
577
59
481
695
74
193
164
686
170
245
709
462
757
122
91
315
568
621
382
737
197
377
754
114
633
363
50
436
151
201
414
375
134
516
205
666
20
629
80
224
701
739
627
35
727
412
693
639
148
287
22
253
173
