65
98
146
25
135
167
132
20
26
88
190
0
53
23
83
119
159
180
116
47
115
107
85
90
13
126
2
94
35
1
72
11
128
137
6
170
192
59
165
188
114
15
182
123
163
34
58
196
49
75
173
152
156
45
171
71
148
41
144
73
113
22
103
66
97
62
84
109
169
112
17
179
60
106
55
186
141
93
154
29
36
89
142
101
32
178
199
70
108
18
92
64
110
177
80
63
54
191
3
129
9
195
43
187
134
51
27
147
111
105
37
127
194
120
69
40
8
166
91
125
5
175
164
122
38
198
82
185
172
67
124
39
183
33
160
21
79
24
44
99
31
149
95
174
162
74
100
143
61
150
96
76
130
12
131
68
155
118
4
193
77
153
181
19
48
138
117
87
78
56
57
86
42
197
184
81
133
28
10
161
