14
193
13
19
74
158
102
108
195
147
31
142
63
117
133
183
99
62
37
85
97
132
45
172
151
26
103
101
33
170
32
36
176
120
73
185
1
96
30
95
41
18
106
93
184
187
44
81
56
84
75
188
79
119
67
7
150
154
48
192
110
124
116
113
16
68
91
140
35
153
156
5
105
148
136
50
164
189
198
139
112
173
167
61
23
8
191
98
100
4
135
12
2
70
6
152
146
181
155
145
197
199
86
71
174
180
161
104
171
114
58
194
11
177
126
196
20
24
28
3
144
162
134
55
163
179
87
123
72
40
118
138
10
129
186
90
69
169
159
53
51
57
25
9
115
42
160
17
38
137
128
190
92
80
131
34
182
94
52
111
175
64
88
49
29
143
157
27
54
89
107
166
46
15
109
141
125
165
22
178
