4
36
154
78
77
160
189
76
93
5
15
80
124
150
195
17
48
37
138
153
90
44
172
68
47
73
16
144
106
137
112
87
82
83
20
100
130
0
196
188
62
131
182
134
116
96
158
58
199
14
133
35
103
155
94
8
135
198
118
126
66
165
40
24
9
146
31
41
164
109
49
190
123
63
71
55
95
25
46
113
108
127
18
139
169
6
152
194
43
97
85
129
184
50
159
128
121
75
74
111
141
149
179
42
7
166
170
176
192
67
30
187
107
140
61
180
151
10
183
3
132
59
177
11
28
193
39
101
34
21
98
56
163
29
105
72
23
51
13
65
70
89
162
143
45
84
142
102
92
161
120
27
145
52
26
136
173
86
122
191
60
53
33
2
125
185
168
88
186
115
114
19
167
12
119
1
79
110
117
174
