104
134
48
141
130
120
76
193
33
121
101
74
69
70
9
103
149
137
96
16
4
110
114
18
17
71
188
15
39
8
46
60
131
150
28
31
29
3
194
36
66
13
25
159
78
169
138
30
79
154
42
195
100
7
109
196
40
125
155
23
107
187
118
165
45
19
43
58
147
158
172
53
157
26
112
179
86
198
32
122
189
117
145
37
99
68
55
174
94
90
106
51
50
34
153
73
108
88
95
65
116
10
38
92
98
133
190
93
142
178
47
49
56
197
6
97
113
44
181
41
81
111
160
183
91
1
146
59
128
119
54
161
152
80
151
184
139
35
64
132
2
0
127
126
5
57
62
20
176
61
177
75
14
192
84
123
85
171
102
136
186
140
129
27
164
199
143
21
191
77
87
168
22
175
24
162
182
12
72
63
