58
40
34
102
184
198
95
4
29
168
171
18
11
89
110
118
159
35
136
59
51
16
44
94
31
162
38
28
193
27
47
165
194
177
176
97
174
73
69
172
108
107
189
14
56
19
114
39
185
124
98
123
119
53
33
179
181
106
199
138
116
67
78
42
17
5
127
105
48
66
54
84
183
158
166
113
12
117
93
120
154
90
81
122
191
13
82
132
187
45
99
36
161
186
153
103
195
197
148
173
75
21
91
152
2
70
85
150
6
112
0
155
77
65
55
167
88
130
46
62
74
92
147
160
143
87
180
145
164
10
32
83
182
100
125
23
126
9
170
104
151
135
111
188
64
15
41
163
109
80
52
26
76
43
24
3
169
49
149
131
190
30
121
115
175
8
60
128
1
57
22
61
63
7
196
141
86
96
68
50
