172
147
96
178
103
90
185
48
137
120
190
108
12
101
70
54
15
6
132
170
87
22
23
127
143
2
199
77
28
146
136
71
119
14
47
7
73
93
197
156
45
57
100
150
125
141
118
157
177
36
175
164
180
31
105
134
152
88
58
124
64
121
3
30
187
89
173
148
29
158
76
1
138
25
33
34
123
75
62
193
67
117
61
39
149
97
102
195
78
16
128
165
68
65
155
167
20
44
19
38
111
40
56
24
37
26
79
106
198
154
50
52
95
27
188
196
32
116
189
110
115
17
55
8
99
43
72
182
92
184
144
60
186
140
176
181
81
66
109
191
126
114
35
41
98
192
135
4
10
142
51
49
163
94
80
21
13
46
113
161
153
82
104
112
5
18
159
169
171
168
151
63
42
166
183
74
174
9
69
139
