168
25
57
176
153
27
136
155
111
175
51
141
162
45
13
114
132
134
106
76
34
52
194
63
35
125
172
71
40
163
92
157
14
17
167
193
152
7
135
191
179
67
23
187
150
161
154
129
81
5
146
99
62
47
80
100
60
1
54
9
195
75
3
61
21
183
37
115
121
20
82
198
22
88
182
178
31
102
77
12
84
79
131
197
170
98
46
145
130
124
89
116
41
165
28
147
174
110
160
32
6
127
49
96
173
139
171
70
95
85
93
119
0
55
58
39
24
94
10
181
78
56
126
199
189
48
50
105
108
65
138
148
190
68
101
177
164
123
69
113
128
64
97
140
143
104
186
19
74
33
133
122
30
72
87
142
91
8
151
185
29
90
59
188
18
103
112
43
66
4
44
73
149
15
120
36
180
192
53
86
