55
182
190
28
99
196
10
1
26
195
11
162
41
180
50
19
90
102
134
169
46
157
136
57
68
20
95
104
88
155
100
193
192
110
111
74
33
21
56
127
173
175
124
45
3
36
65
80
130
198
78
86
34
93
149
107
165
84
2
181
58
89
6
66
153
184
126
76
144
83
159
106
63
188
105
23
125
43
116
112
37
59
17
16
156
172
133
44
27
12
114
131
139
187
199
91
85
51
115
9
52
7
79
120
186
137
48
145
35
29
4
31
72
191
118
166
151
101
40
42
0
119
174
179
135
70
185
94
82
132
18
61
160
141
121
96
146
30
32
168
143
171
64
81
123
108
178
77
54
197
154
189
164
177
138
62
142
8
176
87
128
158
152
183
109
22
24
75
140
49
194
163
148
69
53
98
103
97
122
113
