16
179
116
185
61
14
163
94
104
49
103
145
142
33
126
135
105
6
58
9
20
140
108
27
99
121
154
60
174
89
128
175
24
36
23
85
78
12
123
106
96
194
138
102
167
80
171
41
100
161
40
34
120
35
131
71
55
133
182
192
168
186
83
87
90
130
29
10
156
17
19
28
86
69
139
65
196
93
47
195
165
44
177
115
146
190
113
188
107
101
162
79
110
143
153
70
4
38
189
176
157
114
13
134
184
124
152
31
67
26
148
91
119
66
59
75
180
144
193
150
122
53
183
57
3
199
42
0
48
62
170
187
51
173
181
2
22
72
147
52
166
45
141
73
117
21
46
111
5
88
74
136
11
76
109
8
92
56
155
25
54
68
84
129
159
64
125
95
151
63
77
132
137
172
18
149
81
82
30
118
