26
132
15
138
184
143
68
153
76
104
173
13
124
176
58
21
72
113
149
182
56
67
160
166
77
49
60
86
150
181
139
17
61
35
102
177
16
190
74
90
127
92
99
18
66
65
111
179
23
98
27
161
95
11
100
109
9
125
146
151
39
28
168
103
93
2
197
50
163
148
87
191
47
62
31
180
6
36
199
133
30
41
162
137
131
59
14
170
186
75
123
44
187
189
192
142
156
63
106
169
84
165
78
81
10
85
115
105
54
114
55
51
120
193
80
12
117
152
53
130
33
141
79
69
159
183
52
57
155
172
64
112
145
135
128
22
20
24
94
101
116
5
147
108
178
25
171
158
42
198
107
121
144
91
3
38
195
96
70
32
89
40
154
136
129
71
4
19
0
29
34
8
185
48
122
194
83
1
118
43
