16
48
143
5
1
188
154
44
183
37
195
187
86
178
119
79
138
171
165
12
53
49
84
189
22
80
115
81
112
116
15
72
180
45
110
90
103
126
132
141
140
137
131
56
40
127
198
91
73
52
55
146
39
133
7
33
148
117
120
3
89
134
153
98
193
130
100
161
150
88
94
151
46
184
28
145
152
2
6
105
43
160
47
24
10
185
11
13
129
173
181
54
114
108
147
128
8
162
121
163
197
17
36
19
164
87
61
169
157
23
135
174
167
102
82
159
175
104
186
101
65
125
149
118
50
26
0
27
96
109
176
113
57
95
41
142
170
177
70
74
111
83
182
179
168
4
51
122
92
190
63
78
196
192
158
60
38
68
97
155
93
71
32
123
66
29
62
59
31
69
99
25
76
139
166
199
64
30
136
172
