20
164
53
87
23
0
78
139
94
131
9
168
166
99
51
124
17
85
67
161
152
186
54
112
43
150
4
69
134
65
16
133
185
178
156
109
113
195
120
130
155
95
79
33
125
145
158
84
6
3
179
198
48
110
27
35
13
116
174
31
29
36
7
157
8
181
59
40
50
19
11
38
100
138
108
144
28
187
173
90
18
42
62
172
143
136
159
30
165
162
182
123
93
129
140
74
102
37
86
21
103
190
151
56
1
97
10
132
101
46
5
77
60
170
98
25
107
194
160
49
127
92
76
119
199
163
147
26
22
176
115
39
64
184
63
142
126
75
128
135
121
192
73
177
89
171
96
111
41
15
55
72
148
114
61
24
180
183
68
83
88
44
45
149
193
153
105
137
141
122
52
82
58
167
106
154
14
71
66
80
