156
165
94
30
63
137
135
74
39
34
169
126
98
191
161
185
199
23
183
56
55
22
116
174
41
89
166
141
60
187
130
9
195
19
33
96
101
5
186
32
8
90
25
167
194
159
62
105
59
180
75
14
153
115
106
15
64
71
154
114
91
17
198
196
54
73
49
31
102
26
146
163
117
152
182
138
79
87
80
24
69
164
157
76
52
160
193
132
113
95
158
82
178
72
145
168
99
92
4
119
40
107
108
93
51
109
45
148
6
133
13
28
85
86
12
128
144
118
53
192
78
16
21
139
10
38
97
123
197
155
66
44
29
61
68
140
111
1
42
150
47
190
70
179
67
104
151
170
175
110
122
149
65
58
188
121
88
37
172
100
11
184
43
20
120
83
27
112
18
181
0
2
189
127
125
57
177
171
176
143
