67
74
31
144
4
49
51
93
10
108
156
136
120
117
33
171
98
84
97
65
192
146
70
151
47
197
169
170
19
6
9
179
8
43
55
22
122
167
131
45
193
150
198
27
111
58
186
104
101
154
129
11
26
40
12
162
185
1
126
173
147
107
109
36
50
86
35
115
190
80
95
0
64
142
3
88
105
66
188
75
46
152
7
183
41
15
110
44
37
164
155
178
184
181
61
78
90
189
140
57
148
102
92
52
135
100
79
72
83
69
60
81
138
63
168
54
149
119
182
114
29
56
174
20
199
113
23
137
5
89
106
143
94
48
187
133
21
112
103
176
145
153
157
24
139
132
18
42
96
160
77
30
2
134
73
163
85
175
172
116
158
125
32
25
130
71
39
62
118
59
123
87
91
38
13
180
53
28
76
124
