142
58
184
92
96
102
69
100
149
87
107
84
169
16
110
170
36
180
72
116
171
6
164
98
183
111
152
47
4
62
34
161
156
129
64
176
160
197
54
105
76
93
125
126
70
177
144
194
59
60
157
159
43
78
140
179
128
115
182
79
1
91
132
51
35
80
50
130
148
40
151
162
30
63
15
5
138
7
199
123
101
186
48
124
198
141
41
33
90
55
29
187
10
3
191
44
28
11
81
61
122
82
97
143
193
139
155
145
158
88
136
66
172
53
71
147
9
19
75
168
74
133
22
0
150
189
26
99
18
57
163
83
52
196
104
190
27
13
166
117
120
65
174
137
56
114
8
192
165
103
25
95
153
195
94
85
131
20
2
135
86
12
32
175
73
67
21
178
173
112
68
106
134
39
167
24
146
181
46
188
