11
145
134
197
88
117
16
178
148
162
108
138
56
181
116
41
71
85
8
9
26
173
109
55
36
43
7
46
4
95
112
164
182
65
106
103
31
69
45
86
81
151
171
75
139
166
122
70
82
105
165
60
87
129
59
12
111
189
157
91
136
77
130
183
3
198
172
53
90
89
161
76
21
1
28
48
0
24
6
177
168
167
133
63
118
126
180
128
175
98
30
141
193
51
115
191
23
52
155
20
37
49
17
184
107
74
123
18
147
83
195
66
94
114
121
144
179
124
185
2
187
15
140
137
35
127
80
50
73
158
101
44
68
156
42
192
153
102
38
29
72
199
5
132
79
10
146
93
186
27
47
62
194
154
78
40
64
58
84
100
170
92
149
96
120
67
131
160
135
61
99
119
33
150
34
125
25
190
169
97
