81
168
49
119
181
197
78
92
80
104
60
96
83
144
7
4
148
188
6
170
146
132
120
77
5
190
116
55
164
199
10
167
67
129
47
172
163
25
101
18
40
62
122
125
106
162
102
198
192
93
65
46
45
72
126
175
2
17
97
35
137
183
159
141
195
177
75
11
57
41
143
128
66
134
23
36
13
90
61
153
186
139
151
3
95
118
155
30
127
194
82
1
171
27
89
52
73
103
56
179
107
33
98
69
117
152
140
43
39
161
130
115
26
59
12
76
165
91
22
37
149
29
173
114
85
58
121
191
174
196
71
54
88
131
124
21
14
156
123
138
111
51
112
9
178
16
176
0
105
182
48
70
38
150
157
187
68
145
180
42
160
87
184
63
189
133
166
94
185
147
193
100
34
110
53
135
86
154
19
142
