22
123
111
158
141
57
25
37
171
8
162
48
41
177
156
114
193
21
145
3
43
19
184
117
100
6
198
173
132
71
72
108
130
197
29
151
189
11
94
140
199
118
164
0
135
103
32
35
95
124
53
50
34
36
188
88
175
60
13
86
4
129
26
159
104
165
180
61
136
110
192
101
68
93
80
149
5
112
42
91
78
125
10
82
30
102
16
44
181
109
64
59
154
20
38
176
28
191
65
45
126
18
160
121
134
84
137
113
169
14
15
74
85
187
98
122
182
146
70
138
46
76
92
155
170
99
62
7
150
115
152
179
96
2
75
168
17
1
196
127
157
106
77
195
39
147
69
23
27
116
55
120
83
63
51
161
58
178
167
133
131
172
81
67
9
142
186
166
33
56
31
89
79
40
119
105
107
54
190
90
