60
70
142
114
173
15
101
138
55
121
140
72
47
24
144
180
176
48
1
196
92
182
189
12
81
186
192
14
172
59
123
155
105
10
177
84
104
147
49
175
98
153
68
21
62
154
27
9
181
54
97
185
17
57
163
179
77
30
96
40
2
122
102
174
43
159
18
151
91
8
124
90
38
41
141
183
199
19
78
145
34
165
110
112
79
107
167
66
32
61
39
0
149
133
131
50
156
71
184
76
161
146
166
113
99
64
127
197
195
100
126
80
162
187
85
115
26
118
44
128
103
67
152
135
6
193
53
148
11
116
157
31
137
136
188
20
23
168
35
178
69
63
7
198
129
194
150
171
119
28
22
42
139
94
82
4
36
25
56
117
52
120
108
93
75
143
83
58
46
51
191
86
106
95
29
87
125
89
5
109
