196
127
55
141
2
117
80
73
77
175
64
143
129
109
93
79
19
198
17
119
52
144
174
171
11
87
166
157
188
123
63
90
135
18
26
12
78
86
156
107
131
152
47
122
75
91
8
81
27
163
172
148
98
192
54
160
48
100
53
59
44
14
60
112
101
16
183
10
142
36
111
56
84
151
126
39
23
70
69
165
95
85
43
37
154
120
128
147
137
145
9
4
50
182
20
138
106
136
49
105
124
30
197
82
178
189
83
61
169
29
15
164
3
161
177
150
51
65
6
184
179
104
130
25
57
42
115
102
199
45
32
140
134
185
62
35
46
195
41
170
167
24
108
72
110
0
5
74
67
66
31
99
158
28
159
168
113
194
155
38
116
13
1
191
153
71
92
125
114
149
96
186
103
193
133
132
162
187
58
33
